Id,SalePrice
109,193503.20789552602
544,186443.72934655048
153,173998.13012687513
318,180552.11515012154
255,196006.27238844673
138,203874.5405785888
2827,159192.3990663818
145,188772.4857271508
1942,201402.8515458858
1956,186841.15184264097
1044,152237.5053847985
2752,172485.1357119342
807,238415.43611599592
1177,155601.6519525819
1480,179942.0367570002
324,181639.79777100074
1311,162316.00043916306
770,177114.75917516358
2063,174956.82474463724
69,176501.19461979583
2062,176794.03224849407
351,166126.37577448663
2393,191237.20243536105
12,174200.32753716677
2339,267176.27464885917
624,183239.94624210184
86,175838.8237929784
1534,187168.8510938033
2243,175141.59134369684
1957,174493.16516586504
380,179847.9103763472
2860,186245.01809850527
2517,179670.1161017804
1933,184554.22940899755
820,183463.06062587193
675,177756.2130285026
2910,155671.37519751006
21,187346.64536837008
1873,179847.9103763472
2125,175762.1282235574
1489,181022.74705338659
2383,194807.03257568247
983,178108.31541538978
1325,188737.62410468672
1378,185425.76997059945
1537,180091.94173359574
905,184721.5651968251
1532,171481.1209849688
132,180963.48229519764
1078,154914.8779900396
2511,156832.2672255638
912,173586.76298179902
2351,204571.77302787034
330,151526.32828653132
2586,181835.02285679957
224,179025.176086195
98,155249.54956569473
2565,180851.9251033126
1934,174067.8533718033
997,198805.66067231208
64,187391.9654775734
1799,177756.2130285026
230,216320.13979826416
1295,171857.62650758083
638,176884.67246690067
2278,175671.4880051508
2202,160325.40179646428
2833,158104.7164455026
1707,193844.85179567395
2428,156884.55965925992
242,207336.2996892716
1564,229107.38291808747
2613,177442.4584263259
2832,155172.85399627374
2459,176668.53040762342
1360,168312.19950298424
2723,207489.69082811355
1350,168427.2428571157
136,186820.23486916252
2235,171787.9032626527
1993,162316.00043916306
367,207120.15762999436
1309,190532.99766158668
402,177756.2130285026
1592,162068.4829196681
2409,168598.06480718966
539,181531.7267413621
1940,192746.71068805555
588,179847.9103763472
96,157588.76443303426
1187,185091.09839494433
2154,199701.60436963884
550,178136.20471336105
811,170846.63945612262
124,195577.47443213858
1836,158662.50240492783
779,199760.86912782775
1886,172352.66154657071
1724,171875.05731881288
2450,181308.612357592
1013,200071.13756775804
2084,178097.85692865055
1184,203135.4741823504
728,179122.7886290944
950,188943.3076772248
2524,192084.33986123808
2513,155622.56892606034
2028,176082.8551502269
2309,283679.76672335307
51,155542.38719439297
699,168713.1081613211
1881,189406.967255997
1345,168134.40522841745
166,181242.37527491024
781,177756.2130285026
379,185035.3197990018
2818,208277.5634958017
1168,162992.31591496614
1396,183097.01358999914
838,200158.29162391825
1492,194862.81117162498
637,176884.67246690067
1826,181050.63635135785
173,177616.7665386463
715,158582.32067326046
1183,232042.73152956273
2433,177951.43811430142
2866,189330.27168657604
2311,175099.75739673997
1551,167297.7262892796
1049,155197.2571319986
657,184031.3050720364
414,154569.74792764522
1181,184191.66853537114
1514,165917.20603970217
1040,152237.5053847985
216,168489.99377755102
1720,162382.2375218448
2331,209347.81530544884
204,191352.24578949247
19,213098.92588258348
2438,176563.9455402312
89,170424.8138243073
240,179586.44820786663
105,191188.39616391133
2020,168134.40522841745
888,171833.22337185597
1019,188528.45436990226
2132,177149.62079762766
203,174597.75003325724
420,183717.5504698597
2333,202354.57383915508
632,175664.515680658
2800,185600.07808291985
1885,172648.98533751536
1734,188967.71081294963
2327,159283.0392847884
1282,180405.69633577243
2688,180799.6326696165
2581,181280.72305962074
2067,234716.6179725574
2115,177348.3320456729
754,156839.2395500566
1079,154914.8779900396
2615,171132.50476032804
329,155416.8853535223
1320,166251.8776153573
416,154360.57819286076
284,188842.20897207898
1385,172178.35343425034
275,177205.3993935702
2024,177233.28869154144
68,178505.73791148025
1910,179429.57090677827
381,187796.36029815668
1323,184031.3050720364
2432,173785.47422984426
777,186876.01346510503
1107,183131.8752124632
30,152237.5053847985
282,176173.4953686335
188,172202.7565699752
2356,181730.43798940734
1554,197222.943012443
1464,174820.86441702733
2469,172526.9696588911
1834,183605.99327797466
1779,199565.64404202893
2569,195884.25670982245
2334,189741.63883165215
2330,202239.53048502363
2119,216327.11212275698
988,180611.37990831048
382,182636.84017347332
670,186970.13984575804
2760,186977.11217025085
543,171927.34975250898
2835,173649.51390223438
1735,177818.96394893795
448,193346.33059443766
2287,151725.0395345766
524,184738.99600805715
1767,183996.4434495723
2206,171230.11730322745
1740,173269.52221737592
199,168134.40522841745
2214,224540.51037529344
323,199719.03518087088
2421,157522.52735035252
952,179011.23143720935
24,185568.70262270217
1139,178662.61521256858
518,174245.64764637008
1390,178589.40580539402
277,181395.7664137522
54,157473.7210789028
649,172966.22610193846
2600,170811.77783365853
617,188772.4857271508
2209,168361.00577443396
2814,177219.3440425558
2542,183539.75619529292
2323,192077.36753674527
1393,193443.94313733708
490,173398.51022049302
542,189783.47277860902
973,162068.4829196681
1012,185418.79764610663
2218,168068.1681457357
2033,192398.09446341477
1071,176950.90954958243
1583,181939.6077241918
2858,179673.60226402682
2265,182396.29497847118
1088,179802.5902671439
698,180893.7590502695
1896,223083.29455629503
628,191700.86201413325
1212,175141.59134369684
2864,174862.69836398424
2740,188382.03555555316
2560,184233.50248232804
1716,172795.4041518645
1130,172526.9696588911
201,167716.06575884853
2886,228584.45858112632
2328,164878.3296902727
2583,174590.77770876445
1206,176337.34499421468
2242,184962.11039182724
1105,187967.18224823065
121,180893.7590502695
1223,163400.19689779583
265,186203.18415154837
2813,176961.36803632166
1294,172973.19842643128
2745,175437.91513464152
1094,175037.0064763046
651,183386.36505645097
198,167297.7262892796
131,165031.72082911464
1258,165206.028941435
1599,209058.463838997
1508,179569.0173966346
615,164961.99758418647
1815,174311.88472905182
2712,177756.2130285026
2051,196229.38677221682
1863,170958.19664800767
2510,157466.74875441
1069,203731.6079264861
336,191306.9256802892
2417,200688.18828537222
1962,171481.1209849688
372,205795.41597635945
2578,181242.37527491024
2824,174444.35889441532
471,157473.7210789028
1544,153178.76919132858
2141,173224.20210817264
2008,176818.43538421893
1075,175078.8404232615
34,154329.2027326431
847,177529.6124824861
1629,178191.98330930356
2073,184989.9996897985
960,193227.8010780598
955,184972.56887856647
2476,173572.8183328134
1590,170993.05827047172
2913,187642.96915931473
149,175601.76476022266
2525,181911.71842622053
1470,161810.50691343396
412,154329.2027326431
1399,156445.30321621255
183,176082.8551502269
974,151944.66775610024
930,200764.88385479318
881,178847.3818116282
1180,184951.65190508802
1553,177756.2130285026
928,188214.6997677256
1512,173196.31281020137
3,196117.82958033175
2140,180109.37254482775
553,175664.515680658
2594,172526.9696588911
1314,179847.9103763472
366,166649.30011144778
1462,198185.12379245152
2541,197986.41254440625
2088,172701.2777712115
527,174705.82106289588
1824,194047.0492059656
2918,151725.0395345766
49,173077.7832938235
2332,189232.65914367663
826,187946.2652747522
1108,181277.23689737433
2041,189462.74585193954
57,176281.56639827215
520,176501.19461979583
2305,182800.68979905447
2533,179847.9103763472
2852,163459.46165598478
1198,178613.80894111888
1681,163560.5603611306
1773,190627.12404223968
1825,172443.3017649773
2208,165073.5547760715
1646,188528.45436990226
1060,190093.7412185393
748,187824.24959612792
2846,171069.75383989268
493,176902.1032781327
694,160604.2947761769
2283,259552.0378159656
1800,188971.19697519604
1632,159265.60847355635
2624,172736.13939367555
2197,183306.1833247836
1045,152237.5053847985
2549,182574.089253038
2829,155172.85399627374
2480,179046.09305967344
2724,182099.97118752653
2352,186384.46458836156
1783,181193.56900346055
338,182898.3023419539
196,167297.7262892796
762,161301.5272254584
151,184362.49048544513
158,207399.05060970696
2572,180276.70833265534
1686,187147.93412032485
943,175908.54703790654
735,167297.7262892796
2741,183051.69348079583
1106,182765.8281765904
2375,172575.7759303408
1701,193980.81212328386
2657,166415.72724093846
907,162068.4829196681
1777,187622.05218583628
164,176082.8551502269
1973,169947.20959654942
2857,167963.58327834346
1208,176710.3643545803
319,188225.1582544648
2567,190655.01334021095
2222,192136.6322949342
2493,176494.222295303
1757,181127.33192077882
184,179847.9103763472
1248,190912.98934644513
2574,174838.29522825938
1215,180893.7590502695
1614,193970.35363654463
2039,171481.1209849688
2669,180370.83471330834
1005,185369.99137465694
753,165624.36841100393
1275,168657.3295653786
2350,182079.05421404808
2762,178857.84029836743
2788,171481.1209849688
2384,189009.54475990654
2716,182410.23962745682
313,189358.16098454728
84,177512.18167125405
81,180098.91405808856
2389,195099.8702043807
280,173639.05541549515
190,185913.83268509654
2371,152237.5053847985
213,167301.21245152602
1864,187168.8510938033
37,191205.82697514337
146,178802.0617024249
809,170846.63945612262
767,169490.52234227004
262,183508.38073507525
101,153760.95828647865
48,193966.86747429823
489,175779.55903478945
2369,152237.5053847985
707,167297.7262892796
1556,176013.13190529877
2034,170372.52139061116
308,176752.1983015372
2176,173980.6993156431
1549,170435.27231104652
909,180893.7590502695
892,192697.90441660583
2045,191310.4118425356
2927,177355.30437016572
1732,177257.6918272663
998,195664.62848829877
2203,169807.76310669314
356,172526.9696588911
2475,191951.8656958746
2264,183529.29770855367
2201,171481.1209849688
2545,177058.98057922107
2660,184031.3050720364
2882,177756.2130285026
1379,191749.66828558297
491,201796.78787972985
1002,165188.59813020297
1848,164177.61107874475
1455,179405.1677710534
908,175664.515680658
1490,188570.28831685917
1465,184397.3521079092
1627,179694.51923750527
2849,168796.7760552349
1501,167437.1727791359
626,197609.90702179424
722,177756.2130285026
2260,175552.95848877294
1639,291405.1022613924
1603,169005.94579001935
1520,171794.8755871455
1665,172429.35711599168
2635,170783.88853568726
581,187228.11585199222
2435,185404.852997121
2799,185600.07808291985
883,176476.791484071
2537,175664.515680658
1120,181371.36327802733
774,174318.85705354463
1447,189086.2403293275
104,154758.00068895123
2694,176361.74812993954
920,194071.45234169046
1951,184031.3050720364
9,165167.68115672452
2848,184345.0596742131
614,180433.58563374367
1736,177731.80989277773
2686,187071.23855090386
2257,180416.15482251166
1284,180670.6446664994
1765,183184.16764615933
1811,175880.65773993527
2603,184094.05599247172
2220,171686.80455750687
2273,187517.46731844405
163,172526.9696588911
2116,700680.5499896521
2734,168998.97346552653
426,195988.84157721468
2216,173607.67995527748
2900,196340.94396410184
97,157473.7210789028
1680,153074.18432393635
1133,181625.8531220151
2761,184672.7589253754
1642,195472.88956474635
1141,175943.40866037062
2118,188929.36302823917
870,201287.80819175433
1875,174444.35889441532
155,171481.1209849688
1318,168343.5749632019
1285,164620.3536840385
2400,187677.83078177882
1068,205296.89477512313
361,179973.41221721788
1493,181284.20922186715
1110,196243.33142120243
911,166276.28075108217
2535,179011.23143720935
2030,166182.15437042917
2634,170783.88853568726
1530,182915.73315318592
435,186743.53929974156
812,170846.63945612262
1202,178209.4141205356
666,184031.3050720364
1751,175120.67437021842
705,167297.7262892796
1744,159004.1463050758
357,173701.80633593048
2133,183560.67316877135
989,182835.55142151855
562,175249.66237333548
1054,198491.9060701354
2850,170783.88853568726
1082,160116.23206167982
1440,179087.9270066303
2006,170274.90884771175
2082,186523.91107821788
2344,194618.77981437647
248,181026.233215633
2276,190421.44046970163
755,170351.6044171327
1178,160154.5798463903
2636,180740.36791142757
2077,208462.3300948613
2930,179942.0367570002
737,167297.7262892796
837,180395.2378490332
2086,178732.33845749675
2385,197906.23081273888
189,173363.64859802893
635,179847.9103763472
432,193367.2475679161
900,184470.56151508377
966,170271.42268546534
1612,183567.64549326416
904,175009.11717833337
2487,178104.82925314337
1304,167297.7262892796
2112,178857.84029836743
1244,179373.79231083574
843,182636.84017347332
2689,164892.27433925832
2753,172199.2704077288
1169,162200.9570850316
1376,181611.90847302947
2503,192907.0741513903
1987,179983.8707039571
1190,200022.33129630834
1930,181416.68338723065
2677,168134.40522841745
1256,172547.88663236954
2484,177407.59680386184
1253,175943.40866037062
1337,167297.7262892796
1788,177222.83020480222
141,174444.35889441532
1669,175294.9824825388
1366,173991.1578023823
52,210853.83739589696
1380,171348.64681960532
919,184442.6722171125
2804,161841.8823736516
782,185600.07808291985
956,196494.3351029438
187,177913.09032959095
2074,181343.4739800561
1039,160534.57153124874
1210,177825.93627343077
2710,187437.28558677668
44,181838.50901904597
1026,182636.84017347332
1343,168134.40522841745
2248,188737.62410468672
1849,155601.6519525819
2076,225488.74650631633
2641,179847.9103763472
5,194594.3766786516
878,161841.8823736516
1548,166914.24844217475
841,184236.98864457445
1621,164961.99758418647
218,183954.6095026154
1504,170243.53338749407
946,222309.36653759255
455,182312.6270845574
2906,162068.4829196681
2878,177965.38276328705
1173,153910.8632630742
985,173116.131078534
975,180747.34023592036
202,182288.22394883254
528,174705.82106289588
2579,198150.26216998743
1841,161280.61025198
591,180022.21848866757
1897,197226.4291746894
70,177756.2130285026
590,194399.15159285278
1172,164226.41735019445
1714,178641.69823909015
829,182371.89184274635
1397,175577.3616244978
877,180370.83471330834
2477,172987.1430754169
2871,201287.80819175433
2489,178592.89196764043
1655,182636.84017347332
1891,177058.98057922107
1419,187653.42764605395
1473,178226.84493176764
2868,195587.9329188778
1695,195723.89324648769
2244,169267.40795849994
169,173224.20210817264
2670,162978.3712659805
247,189473.20433867874
2137,180266.2498459161
1794,176501.19461979583
1498,310254.78152771865
1164,157466.74875441
1179,198544.1985038315
1340,163811.56404287193
436,205192.3099077309
1636,195734.3517332269
421,189804.38975208747
457,198101.4558985377
2834,170630.49739684534
517,173788.96039209067
1566,184902.84563363832
1439,177491.26469777562
2577,179882.77199881128
2241,194176.0372090827
71,190139.06132774262
1143,197156.70592976123
1021,211080.43794191343
1416,184310.198051749
35,154329.2027326431
2904,255323.3230110731
2174,187660.39997054677
522,178408.12536858083
2211,168238.99009580968
1539,200974.05358957764
2420,157142.53566549407
2779,193269.6350250167
953,181678.14555571123
658,174779.03047007046
714,179847.9103763472
1637,189358.16098454728
538,181733.92415165374
546,176114.2306104446
533,174712.7933873887
718,175664.515680658
1830,183860.4831219624
2929,181277.23689737433
2207,161301.5272254584
1417,179847.9103763472
2787,180545.14282562872
1037,172736.13939367555
2659,179847.9103763472
1567,180824.03580534135
1225,179847.9103763472
685,174029.5055870928
1358,164160.1802675127
1461,180266.2498459161
221,176086.34131247332
2187,176853.29700668302
2504,189821.82056331952
855,170609.5804233669
2258,205314.32558635517
2205,171324.24368388046
1158,178470.87628901616
1741,173213.74362143342
2735,173572.8183328134
1888,196431.58418250846
2121,176971.82652306088
1176,155601.6519525819
2773,193681.0021700928
2619,203278.4068344531
1796,176501.19461979583
1598,151944.66775610024
1965,171882.0296433057
2651,172924.3921549816
609,184728.53752131792
1990,182417.21195194963
1053,197986.41254440625
2877,176936.9649005968
497,190724.73658513912
514,185174.7662888581
759,164369.35000229717
2474,191951.8656958746
1193,177107.78685067076
1415,170783.88853568726
2048,162012.7043237256
2483,177822.45011118433
2883,176082.8551502269
1111,187977.64073496987
2072,547808.8493224296
1450,196337.45780185546
274,176978.7988475537
413,154426.81527554253
751,155096.15842685278
2897,174440.8727321689
207,165903.26139071654
2269,179813.0487538831
891,171481.1209849688
2863,186471.61864452175
1298,169933.2649475638
1292,186213.6426382876
1687,188319.2846351178
2749,179687.54691301245
2875,176131.66142167663
1029,185987.0420922711
1581,189664.9432622312
612,179847.9103763472
139,175200.8561018858
1335,167297.7262892796
2531,179847.9103763472
681,172004.04532192997
1383,173234.66059491187
1359,161535.10009596773
1226,179847.9103763472
63,189107.15730280595
1869,179663.1437772876
2468,171481.1209849688
1135,191951.8656958746
719,158930.9368979012
405,152237.5053847985
2506,157940.86681992144
2380,203508.49354271602
1565,192624.69500943128
1727,157682.89081368726
1661,177724.83756828494
1967,174270.05078209494
2267,178812.52018916412
1389,176166.52304414072
2553,186210.1564760412
1459,186136.94706886663
1739,175068.3819365223
172,162016.190485972
788,200886.89953341743
1979,157372.62237375698
1801,185063.20909697306
931,195187.0242605409
2471,173339.2454623041
2899,174611.69468224287
2544,175640.11254493316
1386,191352.24578949247
315,345789.233305352
1932,174541.97143731473
1660,189553.38607034614
2353,180987.8854309225
2139,203205.19742727853
1585,173973.7269911503
1602,222204.7816702003
2888,178160.60784908588
965,196647.72624178574
645,191944.8933713818
789,180736.88174918114
1015,174681.41792717105
1264,184449.64454160532
1972,169389.42363712422
1481,174963.79706913006
954,181057.60867585067
2499,196337.45780185546
824,183923.23404239776
2769,177219.3440425558
123,183334.07262275484
1862,212234.35764547437
1308,178251.24806749247
1758,173398.51022049302
2236,167506.89602406407
2912,181841.99518129238
2093,182567.11692854518
2128,178931.04970554198
679,171481.1209849688
1313,179847.9103763472
2534,176501.19461979583
1273,174029.5055870928
219,186907.3889253227
133,179847.9103763472
38,186394.92307510079
2408,173363.64859802893
1575,179569.0173966346
1671,206339.25728679902
2000,165206.028941435
2621,184031.3050720364
1996,180893.7590502695
1976,167297.7262892796
1861,208357.74522746907
1600,151529.81444877773
298,214866.41014151217
875,176884.67246690067
1205,173520.5258991173
763,184031.3050720364
512,178240.78958075325
592,181730.43798940734
1255,181667.68706897198
355,181733.92415165374
1676,154067.74056416252
2599,184428.72756812687
312,178439.5008287985
1124,180555.60131236794
1702,206234.6724194068
2434,178352.3467726383
1432,180370.83471330834
689,176375.69277892515
1349,167838.0814374728
1759,179453.97404250313
893,159192.3990663818
944,181939.6077241918
2109,187343.15920612367
316,187852.1388940992
2529,182636.84017347332
1448,184623.9526539257
871,187806.81878489588
142,183166.7368349273
1515,175134.61901920402
1970,180405.69633577243
572,156832.2672255638
2200,170159.8654935803
2147,185962.63895654623
249,177996.75822350473
162,174493.16516586504
664,165206.028941435
1516,166206.557506154
16,332904.37764262926
1808,172526.9696588911
425,192303.96808276177
1372,179457.46020474954
2495,193534.58335574367
661,182671.7017959374
1301,188214.6997677256
396,173677.40320020562
2663,177233.28869154144
50,171244.0619522131
886,181022.74705338659
696,166321.60086028546
2454,190254.10468187407
2106,185087.6122326979
353,174315.37089129823
441,184282.30875377773
2270,185791.81700647227
1924,178104.82925314337
1402,282703.6412943589
1070,181625.8531220151
2696,180496.33655417903
1840,164961.99758418647
1562,159666.51713189323
2426,156874.1011725207
1162,158355.72012724396
1874,184031.3050720364
111,182832.06525927215
1207,175925.97784913858
140,174956.82474463724
545,184707.62054783947
1338,167297.7262892796
2873,171787.9032626527
924,192955.88042284
844,182410.23962745682
901,187402.4239643126
2195,184365.9766476915
2081,165206.028941435
2774,178104.82925314337
2573,173321.81465107205
1793,176982.2850098001
882,175967.81179609546
2791,180998.34391766172
297,207388.59212296773
509,181960.52469767025
1115,197233.40149918222
773,173572.8183328134
732,163672.11755301565
1552,172150.46413627907
226,172262.02132816412
2830,155172.85399627374
2238,159181.94057964257
982,173245.1190816511
1265,191453.34449463832
559,178857.84029836743
1203,188640.01156178734
2083,173262.5498928831
2130,189441.8288784611
2455,189773.01429186983
535,172526.9696588911
2019,167716.06575884853
2655,179764.24248243342
2391,181040.1778646186
154,173914.46223296135
999,222630.09346426203
1400,181259.80608614231
2807,189584.7615305638
516,177756.2130285026
1753,173834.28050129398
734,167297.7262892796
1209,181852.4536680316
1994,193792.55936197785
1901,188814.3196741077
2413,182068.5957273089
2630,170783.88853568726
1428,185523.3825134989
1271,174270.05078209494
2464,183780.30139029503
2653,167297.7262892796
1505,170543.34334068513
2110,176919.53408936475
2386,202274.39210748769
1086,177839.88092241637
1574,186691.24686604543
406,152237.5053847985
2757,176919.53408936475
2559,179847.9103763472
1469,161841.8823736516
407,152237.5053847985
2300,172872.09972128546
731,171704.23536873888
2230,260266.70107647916
1688,187604.62137460423
880,181939.6077241918
1074,177229.80252929503
771,185369.99137465694
724,177128.7038241492
730,169441.71607082032
273,176964.85419856806
2793,185035.3197990018
1789,178307.026663435
1900,175246.17621108907
677,176166.52304414072
747,176483.7638085638
1038,190777.02901883522
1763,184728.53752131792
1283,172840.7242610678
2803,161841.8823736516
1927,181772.27193636424
1036,182270.79313760053
1237,173443.83032969633
1375,206063.85046933283
1643,194733.82316850792
2453,181660.71474447916
2129,184101.02831696454
2640,179847.9103763472
2437,174691.87641391027
1123,186956.19519677243
2398,194343.37299691024
1420,180444.0441204829
2693,177756.2130285026
1370,182357.94719376072
392,182804.1759613009
1351,176483.7638085638
246,188144.97652279743
802,189354.6748223009
1404,186513.45259147865
803,197571.55923708377
1595,155671.37519751006
1319,164683.10460447386
2231,209285.0643850135
2162,178610.32277887248
2622,171481.1209849688
1300,167297.7262892796
2505,159028.54944080062
582,178300.0543389422
1458,177986.2997367655
281,168727.05281030675
1499,369101.20024708
2298,171634.51212381074
2580,181772.27193636424
568,156839.2395500566
1807,172526.9696588911
129,206900.52940847067
2294,202009.44377676072
1860,179847.9103763472
839,183567.64549326416
2349,183090.04126550633
1903,163811.56404287193
234,205931.37630396933
2172,203159.87731807525
2588,184902.84563363832
1289,182776.28666332964
1596,155671.37519751006
264,182598.49238876282
451,180050.10778663884
536,172526.9696588911
43,195612.33605460264
2223,219590.15998539457
2009,176839.35235769738
394,176884.67246690067
1738,176009.64574305236
1196,184979.54120305929
828,169954.18192104224
1694,200175.7224351503
571,157641.0568667304
1192,184031.3050720364
1806,185227.0587225542
962,177494.75086002203
2142,182483.4490346314
1648,189257.06227940146
618,180893.7590502695
2108,169954.18192104224
772,186907.3889253227
2672,168814.20686646694
2492,175838.8237929784
2903,186740.05313749515
2783,175455.34594587353
786,183710.5781453669
740,170473.62009575698
2546,177058.98057922107
851,183818.64917500553
1833,179750.29783344778
76,174311.88472905182
2151,202947.22142104438
1880,184376.43513443077
2907,162068.4829196681
1831,204414.895726782
2836,176734.76749030515
1955,175315.89945601724
1926,180440.5579582365
2924,207039.97589832696
1003,164055.59540012048
1667,173991.1578023823
2905,170853.6117806154
921,172526.9696588911
1780,183375.90656971175
746,167716.06575884853
254,189525.49677237487
606,181256.31992389588
2703,175141.59134369684
1306,188929.36302823917
2102,185338.61591443926
1784,181120.359596286
941,176570.917864724
2699,189522.01061012846
2127,174514.08213934346
2607,176563.9455402312
1754,174489.67900361863
1367,175089.29891000074
580,187168.8510938033
341,191564.90168652334
26,175838.8237929784
2667,226388.1763658895
2884,166419.21340318487
28,182985.4563981141
531,172526.9696588911
2189,181388.79408925938
2508,155249.54956569473
573,159516.6121552977
1363,182357.94719376072
487,180315.05611736584
1083,157473.7210789028
1620,177309.9842609624
1929,188904.9598925143
1820,175943.40866037062
1398,181939.6077241918
2177,179691.03307525883
2144,171481.1209849688
2697,170016.9328414776
1403,331938.71070037433
596,178104.82925314337
922,179847.9103763472
2065,195797.10265366227
1710,196152.69120279583
1034,177756.2130285026
1057,194116.77245089377
470,159052.95257652548
819,184494.9646508086
2160,175838.8237929784
2552,176187.44001761914
41,188849.1812965718
742,167716.06575884853
686,184031.3050720364
314,190864.1830749954
1630,173067.32480708428
191,183194.62613289856
1626,172526.9696588911
59,179516.72496293846
2632,181957.03853542384
1835,161646.65728785278
2675,173572.8183328134
1503,188591.20529033762
1963,170783.88853568726
1352,191885.62861319285
1519,175664.515680658
1305,167297.7262892796
2014,168134.40522841745
1,257136.12737920508
1052,189867.14067252283
622,179847.9103763472
913,176271.10791153292
1058,196644.2400795393
2348,182636.84017347332
1527,200639.3820139225
1011,193593.84811393262
1332,167750.9273813126
709,167036.26412079902
209,230362.40132679424
619,179847.9103763472
2150,174820.86441702733
2704,164578.51973708163
2839,174869.67068847705
1242,177756.2130285026
2714,173726.20947165534
799,178049.05065720083
1260,184031.3050720364
2107,176208.3569910976
2486,178104.82925314337
1911,176598.80716269524
896,187402.4239643126
272,175664.515680658
2521,159886.1453534169
2324,174534.9991128219
1953,181556.12987708696
887,177327.41507219445
1479,184930.73493160956
1317,184031.3050720364
1750,184505.42313754783
2815,175877.17157768886
2692,172589.72057932644
1090,174304.912404559
1912,181416.68338723065
1634,162905.16185880595
1974,170707.1929662663
1764,186123.002419881
634,178592.89196764043
1683,154412.8706265569
2199,171561.3027166362
2789,158972.7708448581
1018,190585.2900952828
14,181855.93983027802
2782,183961.58182710822
2626,176166.52304414072
1175,183494.4360860896
1232,175664.515680658
2590,200165.26394841104
2463,185481.54856654198
2358,181730.43798940734
2911,160199.8999555936
1699,186220.6149627804
115,182710.0495806479
1998,193443.94313733708
589,177756.2130285026
1641,174580.31922202522
2821,179150.67792706567
1846,153760.95828647865
1805,183421.22667891506
1853,175709.8357898613
1321,193443.94313733708
564,201029.83218552015
1771,181068.06716258987
90,200102.5130279757
2684,167297.7262892796
13,175671.4880051508
445,183525.8115463073
1914,181765.29961187142
2811,181535.2129036085
850,203152.90499358243
1844,157641.0568667304
2225,221608.64792606462
1477,175385.6227009454
399,170644.44204583098
2431,222832.29087455367
1605,169389.42363712422
897,175681.94649189003
1426,187440.7717490231
2240,177641.16967437114
1706,183201.59845739137
2252,191226.7439486218
1136,194123.74477538659
1877,182249.87616412208
424,200175.7224351503
1182,185146.87699088684
2750,177996.75822350473
1016,311206.50382098794
2436,173834.28050129398
1607,169389.42363712422
2337,194078.42466618327
1233,178279.13736546374
419,171306.8128726484
633,189208.25600795177
2722,208852.78026645895
469,159223.77452659945
1365,170804.80550916572
1098,175629.65405819393
711,166544.71524405555
2808,178226.84493176764
1959,182971.51174912846
2720,193966.86747429823
2170,175343.78875398848
603,179324.98603938604
2113,178861.3264606138
1146,171317.27135938764
2105,177107.78685067076
1786,180715.9647757027
961,196801.11738062766
1405,164473.9348696894
1324,180370.83471330834
1986,167297.7262892796
307,176752.1983015372
180,187695.26159301086
2896,194528.13959596987
668,181740.89647614656
1582,210055.5062414696
2285,161106.3021396596
2079,190358.6895492663
2272,197055.6072246154
2250,178408.12536858083
502,180893.7590502695
2166,175430.9428101487
1622,181754.8411251322
1299,166997.91633608856
832,186980.5983324973
2470,171481.1209849688
1017,218000.47000103266
1384,181176.1381922285
1790,175145.07750594325
2530,181730.43798940734
2893,175103.24355898637
2027,166251.8776153573
683,171481.1209849688
823,178376.74990836316
2374,160475.3067730598
1594,161106.3021396596
2049,185547.78564922372
1813,175838.8237929784
365,187695.26159301086
176,162444.98844228013
510,178669.5875370614
1326,190661.98566470377
2423,156623.09749077933
1631,209689.4592055968
1263,185966.12511879264
1046,152237.5053847985
47,196232.8729344632
1424,183389.85121869738
429,185802.2754932115
1031,182915.73315318592
1635,164222.93118794804
309,159666.51713189323
1020,184118.45912819658
178,165554.6451660758
1975,179847.9103763472
2096,178861.3264606138
865,187649.94148380755
385,174283.99543108058
1362,170351.6044171327
1091,175650.57103167236
317,180555.60131236794
1076,168134.40522841745
1573,200409.2953056596
485,191320.87032927483
2021,167925.235493633
2032,172349.1753843243
2604,182671.7017959374
1615,201688.7168500912
2736,215023.28744260053
473,157473.7210789028
1316,179847.9103763472
244,185077.1537459587
152,193747.23925277454
1588,186286.85204546215
2111,171627.53979931792
813,170846.63945612262
1854,179380.76463532855
2575,175664.515680658
867,184902.84563363832
2879,184867.98401117424
1494,170543.34334068513
2771,189741.63883165215
496,199154.27689695283
1651,188375.06323106034
1913,179847.9103763472
2790,186007.95906574954
1541,237275.46106142062
1684,171306.8128726484
301,200771.856179286
1569,182148.77745897626
2153,190752.62588311036
1467,187133.9894713392
2540,178558.03034517635
2368,152969.59945654412
874,179063.52387090548
463,158512.5974283323
784,206133.57371426097
2149,176881.1863046543
2069,186035.8483637208
1743,160053.48114124447
472,157473.7210789028
1921,180370.83471330834
2778,193185.96713110292
526,183243.43240434825
2795,176801.0045729869
478,174214.2721861524
2841,175134.61901920402
119,180510.28120316466
1960,171481.1209849688
1277,171481.1209849688
2466,174705.82106289588
2844,174576.83305977882
1028,189996.12867563992
1043,152896.39004936954
231,178659.12905032217
461,204843.69368309015
33,160475.3067730598
1795,177756.2130285026
1073,190574.83160854358
1576,191184.91000166492
2044,182357.94719376072
185,184031.3050720364
1828,214437.61218520405
344,194698.96154604384
2152,187960.20992373783
1752,188040.3916554052
2637,180914.67602374795
1000,163543.12954989856
727,173848.2251502796
2612,173572.8183328134
2422,157522.52735035252
752,180991.3715931689
15,170156.37933133388
2319,192147.09078167344
2681,168134.40522841745
1006,174270.05078209494
2596,182671.7017959374
2002,184031.3050720364
55,192746.71068805555
2104,179806.0764293903
1682,154426.81527554253
977,193036.06215450738
2548,178976.36981474527
340,180865.86975229823
1487,176978.7988475537
1423,183128.38905021682
1342,167088.55655449515
1949,182232.44535289003
2444,180057.08011113165
345,181866.39831701724
650,179614.33750583787
192,166705.0787073903
1945,188559.82983011994
2277,190532.99766158668
1266,242773.1389240055
674,207737.2083476085
2823,171348.64681960532
2772,176658.0719208842
2015,168134.40522841745
2642,168869.98546240947
144,176919.53408936475
1712,190194.83992368513
1708,191941.4072091354
2890,185007.43050103053
1157,183888.37241993367
2550,177662.0866478496
1104,184693.67589885386
2183,159192.3990663818
2887,175612.2232469619
29,166802.69125028973
108,159907.06232689536
2286,151623.94082943077
1533,188172.8658207687
376,184477.5338395766
800,183954.6095026154
1395,181939.6077241918
388,179056.55154641267
1689,188511.02355867025
716,174618.6670067357
2737,215929.6896266665
120,178871.78494735304
1230,181929.14923745257
2047,174827.83674152015
1293,186213.6426382876
1915,185927.77733408217
1968,174270.05078209494
1766,184735.50984581074
268,188692.30399548344
729,220928.8462880151
902,177498.23702226844
993,176717.3366790731
766,181312.09851983842
903,189448.8012029539
1221,160778.6028884973
1719,168305.22717849142
1521,176100.28596145895
2707,183999.92961181872
987,182737.93887861914
2558,172310.8275996138
1778,187064.26622641104
2601,184031.3050720364
74,187935.80678801297
2190,179324.98603938604
701,172969.71226418487
2556,166949.11006463884
2293,178205.9279582892
787,194071.45234169046
595,179847.9103763472
66,197697.06107795442
846,176884.67246690067
594,171237.08962772027
792,178976.36981474527
1200,177627.2250253855
768,180475.41958070057
174,166617.9246512301
1889,175117.18820797198
1023,189006.05859766013
363,178620.7812656117
1401,217045.26154551696
1978,171481.1209849688
2097,181120.359596286
2840,202201.18270031313
862,175821.39298174635
507,179889.7443233041
1262,181869.88447926362
1228,172819.80728758936
1288,163114.3315935904
1243,187866.08354308482
1850,172174.86727200393
1589,177547.04329371813
1658,189061.83719360264
446,191275.5502200715
1097,189818.3344010731
2329,169260.43563400712
1909,179471.40485373518
2608,193095.3269126963
656,182671.7017959374
1690,196347.91628859466
2853,167297.7262892796
2229,218519.9081757474
1127,184031.3050720364
2606,184031.3050720364
1268,171481.1209849688
2809,176295.51104725778
529,183421.22667891506
476,174507.10981485064
2566,177466.86156205076
1902,163811.56404287193
1547,159056.4387387719
1185,172526.9696588911
2372,152237.5053847985
2282,233534.80897102522
910,201681.7445255984
1128,174705.82106289588
1659,187168.8510938033
1852,174304.912404559
456,163815.05020511834
2410,157313.35761556806
1296,165206.028941435
2682,167716.06575884853
237,186398.4092373472
1666,179349.3891751109
2666,185913.83268509654
662,171481.1209849688
2490,175912.03320015295
672,182825.09293477936
2915,151554.2175845026
452,170449.21696003212
321,195852.88124960478
2124,179607.36518134506
1278,176058.45201450208
914,167893.86003341532
579,181210.9998146926
1418,178049.05065720083
1166,154329.2027326431
1797,182675.18795818381
2568,176013.13190529877
2075,207531.52477507046
2445,179656.17145279478
229,195187.0242605409
1663,182985.4563981141
2727,191875.17012645362
2226,152593.09393393208
130,171505.52412069365
1675,184529.8262732727
2038,161475.83533777882
2416,187029.40460394698
2507,157466.74875441
269,161841.8823736516
981,173185.85432346215
2296,175267.09318456752
940,183647.82722493156
475,173555.38752158138
2404,170965.16897250048
2491,178829.95100039616
601,174705.82106289588
1640,174392.06646071922
2926,174050.42256057126
653,179847.9103763472
2406,170627.01123459893
2701,220880.0400165654
1472,181681.6317179576
417,154622.04036134135
2664,158930.9368979012
283,176853.29700668302
302,165331.5307823057
2053,195706.46243525564
2662,163811.56404287193
99,155249.54956569473
2674,163811.56404287193
1218,189933.37775520456
2547,182525.28298158827
197,168552.74469798637
2091,182486.9351968778
87,180611.37990831048
690,174046.93639832485
2364,176964.85419856806
2050,185547.78564922372
769,191303.43951804278
348,198296.68098433653
200,168134.40522841745
2759,186977.11217025085
1700,198593.0047752812
876,178104.82925314337
2536,175664.515680658
1821,172248.07667917848
2743,179586.44820786663
1329,172265.50749041053
1451,174235.18915963086
936,150912.76373116358
1948,165554.6451660758
1839,158951.85387137966
2057,177679.51745908163
558,178031.6198459688
2731,152307.22862972665
791,179746.81167120137
1421,181026.233215633
2881,177756.2130285026
2820,173712.2648226697
1609,189591.7338550566
1495,179980.3845417107
2388,193158.07783313165
938,207726.74986086928
1194,177309.9842609624
2429,160262.65087602893
1937,171251.0342767059
1847,153760.95828647865
1550,174810.40593028814
2705,165554.6451660758
2713,186656.38524358138
1938,171306.8128726484
1819,168291.28252950578
23,172526.9696588911
2289,153356.56346589536
1156,214388.80591375433
2717,171397.453091055
2101,183515.35305956806
1377,185547.78564922372
1381,182166.2082702083
2502,197073.03803584745
2609,181883.82912824926
505,308797.56570872024
1126,183421.22667891506
2914,151505.4113130529
393,177756.2130285026
2405,166987.45784934933
67,177710.8929192993
2227,208681.958316385
669,186471.61864452175
1772,189110.64346505236
1775,177909.60416734454
403,152237.5053847985
2792,179387.73695982137
1247,179056.55154641267
384,170783.88853568726
91,181890.80145274207
863,187043.34925293262
1857,183919.74788015135
1870,183090.04126550633
2318,198181.6376302051
2100,182919.21931543236
1213,178976.36981474527
2046,209236.2581135638
710,167036.26412079902
2268,169800.79078220032
816,187709.2062419965
1616,189588.2476928102
2233,170783.88853568726
439,182521.79681934186
260,199509.86544608642
2523,321633.6150999933
627,193792.55936197785
251,169954.18192104224
2163,176013.13190529877
2819,177327.41507219445
1025,200803.23163950368
2592,192746.71068805555
1491,169040.80741248344
2742,179586.44820786663
2497,170759.4853999624
495,179255.2627944579
2528,184829.63622646374
1033,196271.2207191737
764,184031.3050720364
1165,158944.88154688684
2037,182357.94719376072
113,183344.5311094941
1572,160618.23942516252
2052,174071.3395340497
2702,170539.85717843875
1981,171481.1209849688
2335,202340.62919016945
563,171306.8128726484
1502,167339.5602362365
1310,165031.72082911464
2598,165206.028941435
2715,179621.3098303307
1810,172321.28608635307
778,200067.65140551166
339,183138.84753695602
2460,184505.42313754783
320,185830.16479118273
2461,176501.19461979583
2449,188528.45436990226
817,174057.39488506407
1096,173398.51022049302
1893,178976.36981474527
479,173398.51022049302
1657,191704.34817637966
937,193816.9624977027
879,161841.8823736516
945,159778.07432377827
1010,167123.4181769592
2861,189609.16466628865
1245,182723.9942296335
854,203097.1263976399
1437,177749.24070400978
586,182636.84017347332
1947,181709.52101592888
815,170808.29167141212
831,186977.11217025085
1919,175141.59134369684
2306,184822.66390197093
430,189434.85655396827
2618,210090.36786393367
245,178474.36245126257
462,168134.40522841745
182,180043.13546214602
1625,173834.28050129398
2381,203062.26477517583
1827,167900.83235790813
1580,191317.38416702842
1803,182776.28666332964
1132,172526.9696588911
1941,179610.85134359146
1742,160053.48114124447
2026,176814.94922197252
2245,167506.89602406407
1691,196755.79727142435
725,165206.028941435
1787,181242.37527491024
1216,181266.77841063513
2654,173677.40320020562
2310,187262.9774744563
761,182357.94719376072
1884,182922.70547767874
449,199628.39496246428
856,177058.98057922107
11,181242.37527491024
389,181730.43798940734
2415,195375.27702184694
77,185488.5208910348
1238,177254.2056650199
223,173572.8183328134
723,171481.1209849688
2562,183612.96560246748
995,179621.3098303307
287,170288.85349669738
1152,174618.6670067357
1449,178509.22407372665
1330,178104.82925314337
1134,190912.98934644513
706,167297.7262892796
1617,182511.33833260264
1339,167297.7262892796
1664,183090.04126550633
1433,179586.44820786663
75,177337.87355893367
2255,175699.37730312208
1170,161667.57426133123
45,191418.48287217424
836,189832.27905005874
8,163828.99485410398
1704,179816.53491612952
2068,170644.44204583098
1488,180632.29688178893
1391,195797.10265366227
2633,172178.35343425034
1872,183815.16301275912
1138,175545.98616428013
1899,180691.56163997785
915,171481.1209849688
660,182044.19259158403
2004,176452.38834834614
443,177177.51009559893
2627,176166.52304414072
1438,178380.23607060956
1525,186562.25886292837
2644,166196.09901941477
866,187813.7911093887
620,179847.9103763472
2451,206489.16226339457
2186,181991.9001578879
2025,176187.44001761914
1916,210700.446257055
1542,197899.25848824607
1163,157466.74875441
205,157076.29858281233
2261,175308.92713152443
423,193506.6940577724
2687,261842.44641185543
1436,192195.89705312313
444,185990.5282545175
1067,184188.18237312473
2290,153129.96291987886
168,180405.69633577243
2643,160185.95530660797
2802,178104.82925314337
1224,179847.9103763472
1382,180419.64098475804
853,175769.10054805022
2237,177965.38276328705
2585,190926.93399543077
2193,174869.67068847705
2262,177885.20103161968
1528,168315.68566523065
370,187866.08354308482
2629,174078.3118585425
1703,204456.72967373888
793,178941.5081922812
1429,186311.255181187
648,175943.40866037062
279,168361.00577443396
1705,180227.90206120562
1257,184484.5061640694
2894,321044.4536803504
1062,177404.1106416154
1729,182068.5957273089
1925,180322.02844185865
415,154622.04036134135
78,173893.5452594829
428,189434.85655396827
1756,173980.6993156431
1280,171481.1209849688
1928,188755.05491591876
2671,172338.71689758508
2501,184815.6915774781
225,173684.37552469844
2317,213935.60482172132
160,180649.72769302095
100,161730.32518176656
482,174876.64301296987
177,171481.1209849688
1971,172840.7242610678
484,177041.54976798902
1561,159778.07432377827
992,184989.9996897985
73,181737.41031390015
2646,173367.13476027534
994,174754.6273343456
2138,177693.46210806727
2013,167716.06575884853
2126,204115.08577359095
898,160534.57153124874
1048,154426.81527554253
2676,168134.40522841745
2498,177020.63279451057
1560,165857.94128151325
296,177902.63184285173
354,177487.7785355292
970,190020.53181136475
884,184969.08271632006
1894,177058.98057922107
450,192614.23652269205
2031,173426.39951846428
949,188626.0669128017
1907,179847.9103763472
1906,179499.29415170645
549,171393.9669288086
243,185425.76997059945
1697,195974.89692822905
2365,156002.56061091876
310,184902.84563363832
1961,171481.1209849688
849,189678.88791121682
2018,167716.06575884853
1328,171170.8525450385
801,213506.80686541318
400,174688.39025166386
1650,188047.36397989801
1084,157473.7210789028
1522,180691.56163997785
2496,174339.7740270231
220,185917.31884734295
1254,189734.66650715933
1443,188884.04291903586
2885,159774.58816153186
2920,153129.96291987886
1197,192052.96440102044
848,180573.0321236
926,174775.54430782405
2158,206436.86982969844
1555,164787.6894718661
278,187489.57802047278
2522,159893.11767790973
434,194807.03257568247
2683,167297.7262892796
2173,175106.72972123278
894,179168.1087382977
1066,183421.22667891506
1261,178617.2951033653
537,183431.6851656543
2301,184728.53752131792
2854,179147.19176481926
2649,171481.1209849688
2776,182162.7221079619
2403,192450.3868971109
2355,183090.04126550633
1983,167297.7262892796
547,173234.66059491187
1842,161200.4285203126
2748,188660.92853526576
2425,157090.24323179797
2837,175699.37730312208
2456,199433.16987666546
2114,196455.9873182333
1890,176640.64110965215
621,179847.9103763472
1427,187440.7717490231
1728,201496.9779265388
2472,184812.2054152317
610,177651.62816111036
1950,184031.3050720364
94,163236.34727221468
1745,159314.41474500607
744,167716.06575884853
1859,179847.9103763472
2343,195692.51778627
1713,180984.3992686761
1816,174311.88472905182
2390,182079.05421404808
364,183898.8309066729
684,174270.05078209494
32,152237.5053847985
1698,194116.77245089377
1129,183421.22667891506
165,171481.1209849688
935,152000.44635204278
1802,181964.01085991666
250,182898.3023419539
2668,167214.05839536584
236,183421.22667891506
2117,331520.3712308054
2029,166182.15437042917
636,189609.16466628865
1155,169975.0988945207
739,167297.7262892796
1608,189985.67018890067
1087,172230.64586794644
1774,187384.99315308058
2816,176943.9372250896
2194,174932.42160891238
523,172526.9696588911
2767,393065.0795288863
1837,159572.39075124022
2284,161106.3021396596
1434,178610.32277887248
2794,197909.7169749853
2625,176166.52304414072
794,172317.79992410663
708,172192.29808323598
286,163299.09819265
62,183309.66948703
1647,188528.45436990226
2054,187088.6693621359
1102,184728.53752131792
654,174270.05078209494
1089,174371.14948724076
604,193426.51232610503
2838,180329.00076635147
2777,178704.44915952548
1723,173715.7509849161
349,176117.716772691
2313,191843.79466623598
2279,298028.81052956695
1346,168134.40522841745
2770,191753.15444782935
2923,178791.60321568567
1619,176964.85419856806
2178,176138.63374616945
1160,161308.49954995123
1755,176849.8108444366
2412,182068.5957273089
889,174095.74266977454
2181,283352.0674721907
1186,182636.84017347332
1613,183431.6851656543
411,154329.2027326431
810,170846.63945612262
548,183898.8309066729
2179,170867.55642960104
2746,172823.29344983576
1486,176978.7988475537
2168,178348.8606103919
2061,173370.62092252175
1131,177027.6051190034
2738,215406.76528970536
929,192882.67101566546
362,174705.82106289588
652,186189.23950256273
1466,171571.7612033754
2087,185077.1537459587
1442,189731.18034491292
2744,168761.91443277083
1511,203783.90036018222
2175,168291.28252950578
1236,178467.39012676975
2448,188253.04755243607
60,197885.31383926043
346,187489.57802047278
678,174493.16516586504
2481,171393.9669288086
2729,184101.02831696454
453,165139.79185875325
2234,163811.56404287193
2007,176619.7241361737
20,192310.9404072546
2217,185687.23213908004
232,179847.9103763472
1982,177756.2130285026
1570,181207.51365244619
195,167297.7262892796
2307,183100.49975224555
504,187140.96179583203
1644,190118.14435426416
939,222013.0427466479
1591,178725.36613300393
2001,174618.6670067357
2379,204728.6503289587
1100,178453.44547778415
1118,180548.62898787513
1593,195664.62848829877
2338,197843.47989230356
458,199586.56101550738
1454,180342.94541533708
641,176124.68909718381
644,183452.6021391327
840,197812.10443208588
1307,210477.33187328491
1809,189783.47277860902
56,173750.6126073802
1905,164421.64243599327
2060,175657.54335616517
1085,159314.41474500607
305,172526.9696588911
671,174304.912404559
833,191003.62956485173
2891,184972.56887856647
486,188995.6001109209
334,170620.03891010612
1804,187601.13521235785
2690,160736.7689415404
299,160001.18870754837
466,177470.34772429717
440,179816.53491612952
378,195587.9329188778
513,180109.37254482775
1597,153262.43708524236
613,186384.46458836156
2798,221448.28446272985
239,178976.36981474527
1080,174960.31090688365
375,192572.40257573518
1638,327570.54940562556
2593,223550.44029731367
623,177560.98794270377
964,180681.10315323863
917,168315.68566523065
122,180126.8033560598
2443,179331.95836387886
1354,178258.2203919853
2058,175751.66973681818
2326,178049.05065720083
1222,172248.07667917848
1251,173144.02037650527
65,204843.69368309015
498,204059.3071776484
749,186171.8086913307
1782,193447.42929958348
477,179269.20744344353
2826,159192.3990663818
1601,152969.59945654412
990,184829.63622646374
1791,181535.2129036085
2131,179649.19912830196
371,191718.2928253653
2377,154329.2027326431
1832,190696.84728716785
561,181242.37527491024
1063,183243.43240434825
325,179150.67792706567
1577,180552.11515012154
2851,192161.03543065907
1410,194238.78812951804
691,169389.42363712422
2691,182357.94719376072
2780,195207.94123401935
374,204373.0617798251
1995,175657.54335616517
602,178104.82925314337
1422,195783.15800467663
1056,194807.03257568247
1151,191589.3048222482
1843,154329.2027326431
2595,170783.88853568726
1041,152237.5053847985
980,154109.57451111943
1871,186471.61864452175
2363,171481.1209849688
2880,189490.63514991078
1217,183755.8982545702
1715,183794.24603928067
112,183999.92961181872
454,164236.87583693367
2253,180991.3715931689
560,173541.44287259574
303,174806.9197680417
1004,184167.2653996463
2167,177913.09032959095
2440,184212.5855088496
2810,175664.515680658
2872,203487.57656923757
1072,189274.4930906335
1654,186764.45627322
2394,183585.0763044962
2212,171585.70585236105
2628,176054.96585225564
2526,218826.69045343128
969,190421.44046970163
306,176752.1983015372
25,190086.7688940465
311,179917.63362127534
300,160001.18870754837
2775,178578.9473186548
2862,186820.23486916252
525,183344.5311094941
2730,192921.01880037592
1892,178453.44547778415
2288,151592.5653692131
2728,200740.48071906832
1065,194099.34163966172
2842,175134.61901920402
2011,167297.7262892796
1140,175849.28227971762
1051,189762.5558051306
1587,186293.82436995496
785,189406.967255997
916,172729.16706918273
639,182636.84017347332
10,172526.9696588911
