Id,saleprice
2658,471121202.61861575
2718,388481779.86729723
2414,188691180.7240273
1989,106757998.05956504
625,94040301.4220795
333,127330882.241737
1327,79530815.41706596
858,102755956.34707753
95,220265692.5327509
1568,106024043.32956934
2482,292986282.09583485
1364,99275309.20888036
2584,140153414.3958538
818,217147508.95704597
2673,222002530.84480208
2089,25328404.0587349
1297,457932889.9834814
790,89251614.5646443
2616,81423641.50800641
720,298428923.72108907
222,81309566.27348661
557,49918838.75694536
1148,395232495.8209436
2766,306173757.6227014
534,112609205.76196152
1452,55121744.00039941
630,167283945.9923849
2648,159086323.98915353
125,187875231.3817985
1904,48461132.99417663
1670,57642045.767158695
756,74204416.14723766
717,272251037.1035691
1032,57704617.70859563
852,147453865.7647321
1731,186004025.1461188
2639,118739821.18244249
2071,24574623.24156416
1267,31768364.29164137
1851,97799123.5248944
567,192068583.65674877
2439,200412343.1165221
1898,67844020.37412752
647,103417146.34448239
2256,252358423.56839287
979,120999062.74744473
1444,172868569.1760861
2485,46250708.75488303
157,61883151.148201875
88,50974476.700433545
2003,138314898.3606068
186,125912715.37702084
1425,137116206.15242103
2695,118226066.86022368
738,71831645.56030521
395,92558211.82712516
1353,146664193.08506757
1878,93516865.95430942
390,86739376.80544442
1456,157657829.56881884
1103,97599540.25851312
1387,571996360.0737051
2070,107200824.86873685
1199,175526204.41745463
2479,117625431.49297355
501,166625875.30096227
2362,49986163.369058095
1718,220727845.403774
2188,33825753.30670508
1483,173591652.9157605
2557,59527916.06662621
437,319480856.25577307
2224,221169576.3119063
1628,168613439.70059636
397,68744555.95394942
587,434652027.791337
2182,721502820.8622317
971,62241543.177910775
2611,71948319.54268098
1887,24339032.009138137
2399,112511295.04235278
2148,119935554.8252478
304,108683702.89466742
1997,87964978.02451235
2817,156076231.05547315
1431,153434727.90734255
427,213623617.3960612
263,54068596.718798764
598,317049390.8194891
2895,226499563.8770789
687,136457321.1489944
1822,58265643.182616875
2191,142373350.52813068
179,108367938.73071253
1009,229791702.19121256
2010,90993487.76410298
1991,172954339.54336
1411,90563657.33136521
1721,289867799.7449031
1144,134165147.20154616
593,124779067.21333355
575,136389172.35827285
1249,137585158.3665661
1604,44836715.849285446
1064,101688131.86826053
1923,89259606.17701106
1988,43145244.871861786
2325,111216278.14871961
114,245841595.50456312
2700,416884006.7958259
217,357470645.4593734
343,90684986.11735176
386,163990756.8920274
2005,129138694.71962287
2908,175155058.8258886
1814,80294056.14780864
2446,521264160.50628656
208,277550823.92555225
1679,146647061.25716063
822,102129477.87495343
6,154001345.7376261
1781,103808654.38845031
2397,217252321.0760159
2340,355881192.998123
1618,204429282.30480477
2843,153696567.36781818
1061,197625495.2959902
2786,69875358.29776536
1935,62536126.00303155
1341,79387988.48082949
521,167605688.172158
2136,196603454.35924453
996,136248802.37509185
227,166630330.9765381
135,232127115.1520373
1167,167033253.83919927
294,219548950.70534086
1776,126255556.17457342
540,135136210.1113505
1717,223648165.59078118
2303,62309288.53388389
116,59922242.22504359
127,63393278.516649395
1371,148314867.8803549
1014,390406029.8912235
1507,55321945.73143413
702,214749796.65056208
750,192603154.0860578
261,148100476.9959395
1559,153902138.47474864
577,209994240.1656375
2812,198619149.18935123
2080,148397728.92030153
1368,108013318.41962942
2376,166179413.12643272
659,95630382.69435856
1235,50617611.55257978
332,129936362.50272003
1917,46586833.446933985
2094,217551988.18518126
1460,187864931.52614343
1471,101838412.30106896
1509,144336374.05879304
1922,101139166.78130198
433,125607205.19654755
460,321538229.97024477
1116,141661047.5789893
1137,83284171.68633978
53,202342304.83619118
2354,145332076.28820232
1475,128910000.36384887
1761,252622420.8165646
842,53185721.42090214
2739,436650258.89837337
2509,155203310.66636577
1007,170893480.72866312
2610,129025872.50746101
1952,61739003.5391514
2719,335236038.77327114
2921,127778069.09847754
1966,68656639.01781902
292,156933876.81229994
1204,145504470.6259045
1829,258276640.53939426
2419,152362587.71880603
391,106361055.76033027
798,106227691.28828351
481,125849708.01847857
193,186813593.79400298
555,64362372.278676316
899,28421983.1294502
2357,166409861.3106759
328,148977966.52365676
1356,96987753.39493984
1154,48441293.0037654
1730,171645865.1453589
2249,164861008.13702792
1119,146290261.596295
2856,137723129.15598077
1394,231280917.81504798
2587,108946570.5679292
61,388810840.815979
2661,193634753.63850287
2711,209523533.13025758
1147,145448586.24074733
757,101934273.79992333
2623,19847314.269817047
2378,186981419.6503401
1413,127814360.18885194
1722,307974355.81151736
1112,241353197.6938178
1623,128430236.53378382
1201,150656481.5065035
1513,68686212.26747483
957,981718957.3477802
1171,257617331.05357182
1145,136508539.4891617
2726,261896709.9156005
703,76400971.24571544
760,142721967.55303654
1964,59958773.97831738
2512,192741040.58833218
159,178999983.98329923
1281,118423450.85114577
468,181046472.63636947
290,82958911.58927006
665,106652073.02812989
1463,224309831.12612763
1792,185127857.07089624
923,104606756.07964878
500,225118088.05394182
1408,186712794.6817398
331,181733567.31147543
170,83840745.4591454
2192,47680009.92947707
2571,365846910.22117186
2314,154377103.4605441
2647,72401389.45546508
422,258834911.31710273
2457,144224434.49031124
1838,254212975.94242066
2805,280931515.90255284
1645,115264902.34729418
1711,242372046.80269626
2825,224929028.5150358
322,216427247.62644118
2103,149321287.84131512
342,76062778.24448691
600,45058991.52501628
488,165254484.95825756
1725,419213254.29384106
2246,275919425.43603164
2847,128145443.2672928
806,176198503.4108118
530,174744616.26969343
963,85696676.2691011
2678,89581308.60507254
171,114729788.88931143
2401,329724797.3339242
805,184167114.65015
2259,132081391.97515167
1748,162608391.73018447
1361,172413405.70065495
1677,147446012.40147182
1406,84516562.43683025
2322,351124708.27495074
688,138625022.69341758
143,68198819.57469444
804,131983359.22636384
1214,259793602.63410875
2828,185042975.63178676
1999,417167679.6159539
2467,144091773.86034173
2665,131636416.59609209
1538,172978718.07101676
398,42248912.43422798
2822,97737178.46067557
2157,174684849.4203253
1856,369250961.5541441
1269,19967173.64361796
2570,50538627.32779674
2320,187013551.10513395
1517,194665123.2207656
2304,92353352.67547688
1312,95946642.90581426
2012,88420345.79374264
506,363240061.9345404
2865,264797224.08832082
2367,118382972.21301341
554,126603417.98708872
238,70808736.65861273
1954,75960838.14902033
2488,110142860.64849296
2291,129712356.4363364
1969,19440876.725828573
2725,79317141.28038464
1482,173591652.9157605
2763,160430431.24145967
503,151411159.7577212
1584,85695723.89877485
1531,184620004.63762763
2210,192580234.01385394
459,381670991.2079241
556,55078369.77441114
1347,161928838.16338208
1290,55948402.617432244
1388,78701731.31583332
1571,4664530860.883409
2754,89218492.70896678
765,230254081.8410811
2494,78416249.96969678
2870,233159107.84298018
7,253909569.63262227
1114,104832884.33095038
2418,221555107.15428615
291,89706729.78438163
18,97325725.85840583
39,86938233.81843399
1001,328403811.6754255
2442,172989906.9688965
616,101488002.2019091
2680,42493185.57974424
1414,134127867.03466636
289,105199573.88407762
40,172189631.92396328
860,42597783.566371396
409,191369732.91902342
673,51334163.81187499
2427,197622178.9301255
2036,184532424.59867278
2564,153436972.27487943
642,371595922.1189129
1008,189272040.88571998
1908,263396912.33019105
2519,249186391.5464513
1369,80084072.27051967
2855,144569082.2989584
712,81297920.79743005
1943,211235772.9965618
1958,100091171.78683428
107,156300471.12987968
2295,130590818.75144091
704,150773947.91761425
676,135471222.66255096
259,133455027.14680639
93,191824972.36910826
106,137226735.35983497
2315,169739193.06027958
1050,69326172.34091154
1095,178908798.09388596
2709,70029046.40611754
758,363432034.384157
1496,114194402.3910684
2370,142849259.87672296
2458,87997455.4240497
2733,55108003.6821119
161,221148869.0504841
726,180997606.71884337
845,95888175.29562685
947,197394369.36228722
2232,132179262.23742613
2563,132754652.04052368
2299,195232349.33497375
211,144939514.17823792
605,374727843.3076793
1478,127423457.64330031
2247,262414839.1120988
2274,210012510.8129848
2869,107844067.36388995
967,171949203.02937698
2656,66623866.58303967
667,291170545.23613334
1042,115600572.52220486
2023,235608827.76295462
2447,187777824.62483704
2055,201826749.87854907
2275,211818949.00333098
2204,132911174.44474018
1563,253940171.34216744
483,246211400.8213503
796,249572510.69565317
1526,275413818.8748437
2042,479404480.7720763
442,121736001.14858945
1693,254158045.36181304
1468,139401001.383405
1430,109715439.88986889
2605,472307670.2549742
1529,142963687.20236328
335,178969539.8668373
1287,138318874.2994536
31,119196229.73839118
1785,93178171.40893045
82,135450620.31237957
2620,157344033.60937908
252,120790663.75856248
721,41951069.17158083
2165,107698006.63158174
2316,145344702.3286815
775,160896468.70348647
1558,187751239.96468621
17,121178871.99250449
1022,196325364.45090222
925,117069088.53211221
438,165367296.3219686
1270,187868060.13047352
1272,86837916.47430748
215,317609116.5127149
266,157092670.5019253
2402,182275244.7813557
1250,43832277.69674506
1984,74047663.99966322
1279,102316489.29840255
377,193284687.52823457
1252,24939949.73671292
2156,163957812.26360434
499,199616925.18819013
1374,263770314.11294052
2898,166716119.97985575
401,75893882.32639939
2721,106613210.51803432
2078,125951622.86495993
2589,91420860.41184713
1946,325318470.2919144
1334,110922122.92782435
2781,180250373.0142786
431,115531915.85325578
576,209432763.51022837
1474,127471482.5948139
2254,200504774.06326833
2155,100037413.71745051
885,24384680.784764644
643,68600403.25537285
1944,127766646.65778923
480,176854757.3624262
2845,144917226.1430195
2387,271471669.4121614
2407,316717864.6351104
2527,157138857.23217553
2514,189779258.90696827
629,165855958.00179863
80,165054031.17054886
1876,81750753.06236096
1546,98316671.50676009
2518,81940280.63725826
2347,210335076.7616157
783,116271449.59288454
1322,200258963.97811276
194,57792712.19680227
1770,220967128.9706875
2143,44839800.221199214
1229,193161046.14658597
511,87319485.14230718
46,282395099.8883149
1348,118022501.06246485
2465,142722750.16334584
387,163596922.70209813
873,68757332.9266134
1918,43528792.181469075
2764,143852252.81576306
2184,55231384.37817648
934,119525472.16073297
1920,53731324.96481631
2631,107342413.358536
1768,444084403.4180769
2040,79761128.65228213
1749,198731404.68407497
834,279626555.4603136
1457,226650430.79641458
79,222508029.11814547
2302,51339966.60037293
1817,191537091.2576157
2755,157565279.21265286
359,118891220.44253711
2059,72207029.45804712
2092,154936932.6458253
2516,109872189.79519384
150,78208284.83495253
1656,168951765.7870447
83,106399311.15781549
2411,123869602.30035698
795,31503870.478238396
2312,228486796.04244792
2917,146736313.42121074
1624,116930624.16239735
2215,219095847.01240584
1211,61176139.911026336
1485,174560433.2497039
1024,90278016.24842319
570,206024452.74099994
2874,107874612.02592218
700,164547692.5949631
2756,124667931.84079757
2022,193147164.11458793
583,170035731.75371286
2392,181439763.89247814
2424,229459557.50919697
212,488230510.6953948
736,111387487.16326647
1610,165350853.5748278
890,85268903.73436698
467,196732559.5007045
578,155604988.02170953
1747,247581199.30891445
1149,304662412.21298695
2758,96977761.69087985
857,44636987.5163368
2219,191211764.54522645
733,108181189.98184294
2909,101930983.09690632
1798,188151860.86035705
235,226734031.055931
2366,168776107.1900973
1027,144854380.96647325
1195,75749301.35212353
1303,43537293.90664261
148,81592937.93848917
608,73431341.09900689
2515,126400079.80062602
821,147772561.1191108
2500,317288032.21339965
745,83853519.45534843
741,116116740.74614306
1611,794340703.5849236
2532,236909921.0199793
1081,236129286.25261122
1692,275881110.7113879
2520,182790360.58277676
276,121460256.99601744
1992,135202382.38447842
663,46094822.740164466
418,133831145.7494834
1733,156071930.8485527
2359,69127777.57228658
253,90763062.28686516
1518,162448097.91910845
2035,136108601.9657243
2919,120709852.56807065
1540,152986013.62463096
2120,95333825.41839364
1674,249032756.620474
256,198401045.8075453
2361,85663537.26578857
978,145680465.89629814
2280,245679642.05371442
2095,164181322.89481062
1709,180465016.18775088
2801,154377598.80040506
1246,81323461.91220438
2373,114376399.19461909
1055,107877505.39717594
2017,91757983.22074415
1099,243923283.77309725
1344,24658470.06762089
835,345162953.4925328
1117,154606154.32836786
2043,68879456.42101571
2085,249830911.5817584
410,179595653.40560266
2650,75829179.04011442
2867,235664458.54067957
1668,85007447.46531054
1161,195965939.6433489
2122,115236344.03488849
2539,258858808.24030122
1047,200341336.90038505
1445,82576366.76208784
541,135508754.88633564
569,295177318.8984213
1276,112165797.20860693
918,131253371.77024263
326,142686949.19561097
1936,66933623.015572704
895,63199518.32781159
257,201123974.2105315
1241,97362393.26648489
1545,78277237.95548964
1189,91984807.58901235
270,174364127.2813249
2066,215972779.73160145
693,116839164.60679215
1259,168544594.6029899
2916,115053632.68414189
2321,330467997.2583704
1977,54726059.71563331
1895,94158413.31079045
1240,82223018.53646657
85,242774759.34125718
1823,45824822.46071573
825,101143454.33509378
110,81087540.06004481
697,139526586.02059877
2297,143375661.8211206
1231,69058018.24219987
1355,129002490.00988153
968,125581763.95472722
584,164987844.4575678
1315,113584409.45617536
1606,34917547.90684556
206,206318916.5007697
1685,115922115.48340744
2016,120518736.41839966
869,202142883.16613615
2135,63550598.60071914
2346,209742507.09250337
2430,230325068.41446796
2198,141561461.08082607
2652,342391635.06089413
27,54827498.618945345
241,117709245.31277911
906,84723121.3977649
1506,149183465.6192942
2098,189154806.48942927
1435,59393029.955838256
2213,37106760.13812244
1274,111981357.70829794
743,41127912.47153226
1737,112758278.03014731
2797,162717830.6700733
2185,84662160.49066138
58,119690503.07200655
830,65150098.978485845
808,86652730.52335867
680,151143642.6318087
1153,381337556.95576704
1291,136784886.37328234
1818,103895202.21396588
2161,141168001.45328787
1883,95606386.88986202
350,390410022.85439634
2473,137066464.3859061
295,337568713.409111
293,145678704.9725387
859,93766862.37676078
288,87686284.41144475
1578,155707434.10068372
102,186181012.06632078
2831,215795783.94320682
1030,136790751.10161993
2551,91179470.119993
1286,179507686.40476796
958,111303164.23344697
776,178389614.5940833
72,64190539.60422259
2263,152835320.86806926
1866,181656068.52721858
2876,70969589.74764456
2146,213845103.73720166
103,164895644.18982974
1500,186644741.2792057
492,360725339.96242195
167,99060337.38622329
2597,43424282.25113783
2685,115536303.63943943
1035,106052540.44738297
1220,17805941.80412109
2602,126536073.40097502
2159,152812801.9270402
695,231171057.97272184
1109,177230224.084514
640,428327121.4007968
1652,217338987.72624317
2090,289143494.7298151
1188,150334355.28429848
2345,185288056.51231605
1059,255258236.20165718
2751,242870665.06728563
128,148897698.8939162
1523,234633234.85802594
2925,84609893.53510156
2145,102603251.76258436
1121,111531196.15433325
566,293698395.8826142
565,195534224.56733415
1331,128701455.14096002
2928,228666724.87764478
156,97895075.18067196
797,144927723.63155013
327,128850774.02146539
2859,283740461.70063955
1453,41255489.81676077
1762,247495259.3417103
1868,101800595.99044228
1760,180860008.95696837
1113,162316908.2808812
1812,169576539.95578018
117,140885886.51577476
1142,64769135.85332777
2342,141806690.86381522
927,85231827.33720304
2478,163546977.4703723
655,53070269.88190054
2064,72938041.9008961
369,101235248.70625554
2239,107569302.08376864
2732,265392732.08127552
1653,80467864.0508632
959,215997280.949778
2395,227290712.8755813
1412,190173536.3920072
271,159754905.02183786
1484,174601508.8619097
1497,47120577.854078405
552,101745543.64277136
2,81463038.69853914
1855,97256151.80229105
4,138381031.27025822
2292,232427346.9538112
134,77484376.11338513
646,103941688.68308963
42,162649461.62550604
532,135109467.22420052
713,265740829.12352613
2561,52473305.6117874
2360,100447285.81201537
1333,69357352.1145189
1407,579673174.9062164
2892,323773621.4201803
574,212160292.85276777
1227,191832036.25518334
2591,222387346.90409482
1476,75592103.13523492
1125,190018503.74596748
1446,185175004.123829
408,136574428.5053936
1101,223307437.96623254
2251,102518834.37206157
373,97916956.36693078
2554,93354590.70153356
2382,216385864.33229348
1985,84903972.74030852
519,67957033.32227264
1093,189539838.87357652
864,232058316.07355726
2889,214983331.8466091
2308,97828690.53474954
986,142402415.38241836
1302,128175720.22372872
585,157336520.88079953
2708,62653053.18254869
147,70802552.38655324
1441,106210238.49598478
383,151930803.00566167
285,86303232.12889312
181,141022733.69275504
358,139261274.74298027
780,301801195.8581232
258,153637334.2822381
1865,131966827.80524343
692,73947530.90467185
2902,98264647.32673907
508,165015988.30995157
2638,172546593.332889
36,187303404.50636014
611,255416937.60658965
2281,151645318.5101329
1678,154485560.76156217
1696,151934484.95143637
1557,61748680.64461578
2180,105787901.47623748
1726,296710335.2729596
951,194598738.93876088
267,188319414.0338914
2706,83213891.28780068
2221,96064075.51576632
1357,185011942.3684715
2901,104039002.05445026
347,127210968.72954169
2164,69591396.47356279
1586,229583792.28996512
360,88213732.21484266
1769,162421624.16805685
2617,32849558.319461305
1879,367653170.1485953
991,85772145.10293649
1535,148690509.8528326
1191,344184230.12454724
1579,195535525.55193815
1882,106970969.46236032
1510,142025958.03166533
2196,303675389.37854326
1845,166219217.0842581
2336,329084987.23437405
942,121208591.35067654
861,150672305.35342655
2555,77672889.67541566
1392,87998363.68126497
2099,137060133.3208331
1543,121438649.4219026
948,167101078.77813217
1239,64403174.813115194
22,245472771.98770267
2796,85865456.09191832
2747,60915780.98873146
92,246251654.55232853
210,126459210.13027531
1858,223180768.1522952
2228,188424007.602692
447,131949414.19778292
827,71988487.96822989
1649,142348169.42278564
682,63140643.10171533
2698,83119073.77134264
494,131119962.75190383
214,130622406.94336015
2441,224478344.16498807
2679,57857435.123519234
1336,82021976.87348157
465,173750199.6926376
1524,142291493.90927902
2543,70544378.80080685
631,63156552.50535335
2452,215627725.40594998
228,148838185.75783464
126,333778712.5458374
1092,294341145.5208568
1122,113575257.06979264
932,159249349.57608855
1980,100501509.8906138
2171,75424544.163115
551,142239785.98134166
2768,96754515.12415361
2056,65943548.702467956
1159,277584872.79284626
2645,409147700.99576455
1174,151861189.3680079
2266,170967133.82055727
2462,248518630.51374862
1219,88832287.7072078
2922,419554889.8209472
118,79471064.79622403
474,201795286.45602423
2576,111190803.50861177
872,106017452.8462007
1077,299447941.80189836
1536,68062409.42301948
1150,64038449.00764065
2341,94894707.55142947
1931,77716395.17312995
2785,70881067.543484
2538,61332000.09979696
597,172596371.11422977
464,169840306.97840703
233,191744666.62243423
2169,192213917.27017304
2123,125035545.52186261
1867,84554062.74561785
137,205579845.92885658
515,128969244.7834563
933,120754778.66193207
2784,248356088.67511752
972,221274390.20433393
599,115171777.19586578
2614,54809374.806375585
2582,168286888.75201672
1409,340813126.562264
175,105519948.03368117
352,326040997.60652053
976,146862809.2792209
2134,191694823.91057804
984,50511894.966142535
2396,116736467.82591069
1673,170725685.84596154
404,170086455.19858626
607,112065684.18728341
814,182929558.4439616
868,159082378.22760874
2271,111475305.05133627
1633,338217218.4731653
337,249711269.15105206
2765,293262097.7930008
1746,93263365.01225948
368,200920393.24144948
2806,72103755.78730874
1662,162999735.54834345
1234,228142292.2136765
1373,78810260.48362905
1672,54391047.76100016
1939,48207909.94595681
