Id,SalePrice
2658,144439.21952210864
2718,166254.4735901537
2414,216861.2063209621
1989,111634.07234310335
625,179913.33717822807
333,87581.47632244704
1327,108750.39837875875
858,143826.53243844025
95,179813.98558101917
1568,166884.24758472125
2482,146755.21748768666
1364,120566.02420799741
2584,150889.44828263926
818,281405.1890341294
2673,151514.72559269477
2089,121681.26671664623
1297,160750.47724804896
790,116462.82535465878
2616,194123.85557979843
720,177681.0213065796
222,150048.47866117177
557,126019.59999086283
1148,189451.81581182216
2766,176959.19998494943
534,178199.79390370057
1452,117166.00663075954
630,127238.69252416056
2648,133415.8163855119
125,167065.16692556714
1904,50755.225525201415
1670,106910.7908944839
756,98934.11340756954
717,195793.31889884823
1032,156911.37920765163
852,211776.77158421866
1731,189743.2526547801
2639,130889.23754329371
2071,81410.47380196804
1267,109360.78112368172
1851,183620.39200499977
567,166805.45456011858
2439,200948.79132840098
1898,147697.42639948812
647,168614.8915950265
2256,204985.2140442279
979,97286.52748664613
1444,217601.57723458522
2485,119496.9150381408
157,131553.76778209844
88,123189.38243115298
2003,110587.60105386167
186,197061.52893418766
1425,226956.79841252437
2695,125383.95712389651
738,104598.1772283537
395,151232.85070976187
1353,172074.05131623382
1878,137893.52292533815
390,163262.4185229768
1456,226290.16363027567
1103,313353.884368075
1387,127250.25344696865
2070,147518.67567134328
1199,176949.5930424027
2479,174768.86222383197
501,303645.0579406188
2362,92047.95189090428
1718,204585.8911358643
2188,75811.45907653368
1483,158478.01744057614
2557,81058.00232173363
437,357736.2840496269
2224,207807.9783521013
1628,166470.8682430028
397,138096.38036861803
587,197133.4192787673
2182,595175.5555129854
971,142127.12430313148
2611,143762.7184398827
1887,92948.24414671818
2399,387948.3211364904
2148,194115.0810402705
304,130419.11650981283
1997,127507.10036531078
2817,109801.4951411349
1431,203914.64458452037
427,371599.4267312732
263,121564.73069842464
598,180520.2802365228
2895,221467.64811344724
687,139765.0206738696
1822,130532.08188595285
2191,103274.91309120321
179,131259.4302530918
1009,225839.24448062674
2010,128565.99716609021
1991,143380.26523167777
1411,192307.215807612
1721,221799.93697244616
1144,192345.9095554094
593,213972.69990748598
575,337281.67478437803
1249,177499.11808852566
1604,122079.4195632419
1064,477018.8884371825
1923,158777.52662946493
1988,106716.44247681442
2325,169305.605156664
114,205943.10169702343
2700,176354.57481035797
217,149664.54726151744
343,182967.03551613865
386,216123.00164385757
2005,116660.38384987082
2908,142617.2046764539
1814,242839.51600781467
2446,465045.78299077216
208,133227.5190549315
1679,107133.02097591285
822,355605.2551261557
6,194009.8644518616
1781,403749.2919338854
2397,300578.2460977036
2340,320527.2281467284
1618,172735.9282780138
2843,147259.17425013857
1061,353447.0116286614
2786,122308.64648827468
1935,131552.2235261314
1341,115560.15953348373
521,242352.66235012884
2136,134947.56178081702
996,211872.06189539743
227,153075.49602611334
135,185800.15818589219
1167,167902.7956358347
294,231930.16542924498
1776,207820.5130481808
540,165252.31718687585
1717,215871.05687966957
2303,126804.39833114044
116,183214.7606585257
127,127987.34178008235
1371,134782.70345177452
1014,166703.0091064958
1507,94634.47933084221
702,129621.0690006974
750,152292.32911945222
261,158016.9582044452
1559,68370.52163067336
577,208839.21252926314
2812,193946.79963017526
2080,159152.53771351362
1368,111701.43149128142
2376,121117.85646470137
659,110893.85047882757
1235,135428.2678927774
332,73436.10817969078
1917,140368.54535295727
2094,252978.6784861022
1460,255334.56308069458
1471,223696.83420112627
1509,125803.85437569182
1922,130645.03181238321
433,470535.1747153244
460,298412.277654383
1116,231024.96072322995
1137,169062.81812527665
53,156160.92950322916
2354,261814.61647182726
1475,194565.1830847516
1761,496817.7950269022
842,145290.75318123843
2739,184890.87339940298
2509,151079.5559031559
1007,198286.14867150146
2610,182895.7388520863
1952,100163.00807183873
2719,170357.0018560541
2921,82764.00849421145
1966,147875.91023277765
292,120707.53169202927
1204,191117.45638298857
1829,249652.7838051201
2419,193594.78471157118
391,151022.28873707546
798,115322.00808742788
481,197131.59722439945
193,191326.2399084699
555,114058.37537439419
899,51191.55283772017
2357,189593.74535367114
328,140234.84327572308
1356,122982.18760581301
1154,100650.32207179208
1730,186486.82447442916
2249,158333.56003908787
1119,270970.23407872766
2856,141706.2601383562
1394,131656.34711112102
2587,115498.64947719558
61,327563.94226466067
2661,180801.70923596798
2711,130281.97346502234
1147,183410.10999756036
757,128241.39912895378
2623,94423.20321838635
2378,131996.10588230295
1413,145505.62902304382
1722,210142.62675381976
1112,219520.48536286165
1623,194852.20525460684
1201,200704.36742260528
1513,115784.63081614245
957,433322.0165885236
1171,253464.40584288957
1145,191404.24234274734
2726,228460.61868362688
703,154739.94952546307
760,86162.89733347169
1964,150268.535844933
2512,178256.8734490418
159,139420.24755479046
1281,171722.60041991997
468,182351.14556308775
290,123176.23151562961
665,99596.76636886112
1463,241508.4264871081
1792,216506.1898418338
923,168009.88810392554
500,279532.47332316125
1408,200567.90024675438
331,75565.97308320462
170,127617.07437675778
2192,92656.23746427699
2571,277830.855814628
2314,174741.08772234086
2647,85099.48508369947
422,437532.7732659461
2457,355724.40471777314
1838,208070.0397464806
2805,252503.92577159058
1645,153533.0671748151
1711,294558.7666792007
2825,246570.9121018033
322,352410.9627737587
2103,246284.09612544713
342,118757.44128014069
600,119849.40339163746
488,183004.49339977515
1725,337405.1486773798
2246,287203.774227277
2847,159476.9048898917
806,229239.41603129532
530,226359.1378948367
963,186783.88347438662
2678,97849.79621279614
171,80886.04124392473
2401,442615.6483901886
805,216473.5789498615
2259,230938.75151714322
1748,181056.17790317227
1361,138270.37026135973
1677,113866.28961754305
1406,164777.58164490067
2322,259254.42596495862
688,159048.22815968844
143,146332.32933368633
804,202031.8968669513
1214,220297.98425454946
2828,160600.6516892218
1999,191239.01856279492
2467,205810.89659232876
2665,159624.78453525854
1538,318846.7963635564
398,117161.95399011334
2822,151793.92437728078
2157,141702.29422870584
1856,196447.48591216654
1269,86578.87122198349
2570,114116.65277546227
2320,223799.76114855296
1517,140832.27592602227
2304,120080.5294319239
1312,98980.57686869703
2012,133595.5498889202
506,261274.82806164894
2865,213475.9242664916
2367,97636.08132645932
554,82946.23370351446
238,137782.83045892348
1954,105192.52753202617
2488,127767.90448227082
2291,73943.54209463579
1969,101198.03377962111
2725,163417.94952347892
1482,144910.88356244186
2763,196292.0283746587
503,266000.99797631986
1584,246221.28070459235
1531,152389.81714149987
2210,180029.8836208182
459,357083.5572486783
556,129361.41022024186
1347,138776.56257106538
1290,70697.56183832267
1388,99734.07805000267
1571,345028.01499867917
2754,200267.0109164707
765,151596.7743985397
2494,127899.54851841462
2870,242561.38744146912
7,229944.77459506918
1114,249185.46373713695
2418,264404.71892492764
291,141253.441472672
18,365990.52738423727
39,396889.18462825264
1001,274130.79726422625
2442,227442.1120062818
616,113080.44736728667
2680,66576.52717733319
1414,125695.12054137448
289,149865.37108975067
40,254417.43250647414
860,125029.21198420208
409,125215.9423034694
673,159399.87756954314
2427,182990.61575735276
2036,218240.4078240601
2564,136185.83916073432
642,166856.90181383656
1008,184595.35488597065
1908,148339.38859494322
2519,196306.9358116592
1369,91988.74697083049
2855,169528.82980992092
712,97157.00319242752
1943,116730.85550403522
1958,118321.4343796114
107,154879.99104073213
2295,211690.2999757013
704,105000.40910158744
676,136469.0633470057
259,184398.182868857
93,289252.6798441256
106,230798.82993264662
2315,178476.09153703807
1050,106660.44331192382
1095,203276.9300400816
2709,148063.702317072
758,134845.48994587985
1496,157367.70220477087
2370,119618.62196294447
2458,285475.2982228353
2733,137158.94817622274
161,241241.57016982965
726,151358.23662817446
845,204315.93155835717
947,234513.8597836852
2232,114222.65398132571
2563,148970.06693049127
2299,157503.35130302908
211,77931.20218020235
605,153373.06340943917
1478,203994.58124704947
2247,278177.1525627031
2274,231274.49300062333
2869,219160.3042209583
967,207115.47708153626
2656,123332.23165983228
667,197255.31856091312
1042,110514.02862446013
2023,163008.14209514143
2447,386029.5673567819
2055,130147.26013276353
2275,295425.07224518247
2204,166232.78412618
1563,285303.41276331403
483,214944.61146928734
796,128000.48490966836
1526,165407.67169470072
2042,137049.13233931168
442,366628.51838506863
1693,333248.7806394116
1468,215879.1854020318
1430,197747.30133454368
2605,151832.7114162153
1529,198097.43099042313
335,153267.86987388085
1287,126283.32883192277
31,98986.8161999503
1785,354845.14722719474
82,166707.45101303526
2620,123161.20525649682
252,177486.96795890303
721,59918.43279794372
2165,190864.0022699993
2316,191000.37361107385
775,127940.24350043008
1558,100575.58645960837
17,203248.51959297492
1022,217824.58101224195
925,129155.80083378716
438,273440.3912154293
1270,136217.42666684065
1272,127071.87509614171
215,124397.21325361443
266,223060.40450650023
2402,283995.8736531586
1250,129128.92556184913
1984,120428.32370881506
1279,146157.3116129231
377,244867.10872148373
1252,124097.34077866611
2156,252714.11375524674
499,320073.13246814476
1374,126919.68049622804
2898,245785.35157818356
401,113649.02558188232
2721,149800.16619257722
2078,232399.0381197093
2589,122415.96204802554
1946,225946.9192036078
1334,122095.80650331709
2781,211639.29981778405
431,402447.53174860205
576,191167.88420185985
1474,208331.66590292825
2254,146244.57218714224
2155,259549.85115050914
885,101069.58482408161
643,135669.59153690934
1944,119112.50855352756
480,193349.98535904437
2845,96973.5950745664
2387,312062.57185105473
2407,210112.11541871127
2527,171571.17773323934
2514,145455.39528600776
629,150078.2101689587
80,201061.873118067
1876,143149.84091719805
1546,123314.16591863995
2518,169190.98415847996
2347,162199.8915123468
783,251624.29692806606
1322,41765.4076792562
194,78463.19066855471
1770,296813.11410227534
2143,160581.97852348114
1229,229409.69066025014
511,265861.1868188466
46,229473.7140603584
1348,154121.16592527446
2465,204280.177636575
387,227956.66663521493
873,219861.66254724597
1918,128057.25581995695
2764,228848.47366625513
2184,129202.97438435056
934,133660.74148225956
1920,133512.85093313712
2631,152470.97270284375
1768,600200.3499256119
2040,119731.2138532718
1749,211823.3512564326
834,231146.1152694112
1457,226297.42879251693
79,111625.1956822913
2302,133176.2273887081
1817,136050.3905184494
2755,229681.32089789188
359,175138.7906382366
2059,106604.70331600832
2092,226654.93945652884
2516,212766.53254979366
150,119254.70397264263
1656,129344.85402952197
83,93421.75508001819
2411,190180.69525838297
795,73455.86215228614
2312,220880.0144668028
2917,107837.73967253018
1624,177370.98955715384
2215,290953.0404316226
1211,153012.05015428827
1485,160224.3412737143
1024,179036.83892177322
570,190903.83660588786
2874,141708.97021163988
700,142300.563135844
2756,211697.544319027
2022,186266.25328464797
583,232655.67200529674
2392,395498.7180947872
2424,171513.94686853632
212,115842.31598550806
736,134322.0718302118
1610,171728.90973021238
890,113801.1498207491
467,177721.67369651623
578,216800.90730563455
1747,201336.37464390154
1149,151731.19467567728
2758,253521.97464599978
857,141432.9941547528
2219,248006.57987437482
733,106090.47483254418
2909,110939.76408609051
1798,239725.02559036092
235,135561.4397116942
2366,118255.12409857614
1027,130926.36831658494
1195,137643.86361548296
1303,38480.63424918335
148,193912.17484859715
608,163763.84515922112
2515,197113.05660864504
821,285464.81433510483
2500,271828.0754080387
745,103557.64399778542
741,130759.87739467534
1611,138921.80680854715
2532,125761.20251031217
1081,225402.75680952825
1692,443362.0100288696
2520,172939.04420846616
276,106015.63164386725
1992,136237.9169281831
663,40868.370655141596
418,113644.46765987428
1733,201843.257676227
2359,151073.03554506093
253,182054.2039526444
1518,187930.6566818808
2035,143046.0410515871
2919,72426.53818116167
1540,240145.740876963
2120,148991.51166030427
1674,161470.94062456556
256,146080.97537323492
2361,94046.0043746815
978,68190.453981034
2280,156136.77085200182
2095,216026.38021635177
1709,320276.7979268232
2801,238460.76770691609
1246,111003.34116111477
2373,97807.09972192033
1055,298346.12357268535
2017,119023.23516965352
1099,277427.6525295158
1344,75724.70485405742
835,220892.34147935588
1117,240179.61003677014
2043,87245.89332739364
2085,122758.25351702546
410,138941.95374598983
2650,112521.9610831614
2867,177504.6907132368
1668,113754.80488826653
1161,158888.25226280116
2122,171078.947561797
2539,149335.2223324517
1047,130945.66947461959
1445,124503.10535271981
541,131106.37100749795
569,216534.17677691558
1276,108058.14795855172
918,156962.4092751823
326,169486.1025701004
1936,127290.23498600349
895,97813.16508604614
257,156378.35869429432
1241,185309.27738866454
1545,128480.24324157578
1189,172849.10682252015
270,140560.07500958024
2066,191479.06546594575
693,110600.99235861115
1259,148126.8769065467
2916,152642.40547805073
2321,281525.1498159312
1977,102161.02265611354
1895,145937.55977683474
1240,173865.53099394494
85,146683.17062129572
1823,124964.79339381945
825,287174.83094157325
110,221450.4630152922
697,122789.05984078316
2297,112385.13782401767
1231,137239.92491758795
1355,135525.97318549265
968,356438.34430554823
584,220840.72810714075
1315,131465.22112579507
1606,150828.87767027528
206,112890.09824351665
1685,396605.3881507627
2016,135850.2092784782
869,202750.08753852543
2135,122041.54081760302
2346,188764.67975101285
2430,220731.24632983253
2198,92038.22123739972
2652,114058.67718301756
27,116867.13077058703
241,165203.98208005977
906,124381.6566267688
1506,130230.37439331983
2098,357730.51909395476
1435,226972.0367625945
2213,136204.59277494164
1274,132979.4783138784
743,22650.035455768142
1737,199873.93337016137
2797,259880.67138004315
2185,60811.67595336441
58,172705.48025896942
830,197863.4946316854
808,112381.62335596862
680,145122.37828690038
1153,97902.66228907088
1291,135272.04634855597
1818,150191.07911558513
2161,192246.34563193555
1883,108172.26478831349
350,346576.630741264
2473,154830.45434972757
295,194122.539378648
293,192682.67132089866
859,132039.1734167353
288,60044.61387298041
1578,145189.97530576825
102,186339.64301713795
2831,145441.555125148
1030,160625.6490039875
2551,149150.63583526
1286,157802.9146923027
958,319799.5795927078
776,128129.5203907952
72,250878.9022982779
2263,254199.63406751072
1866,160318.95776885908
2876,67577.48737666069
2146,236096.1969071214
103,172770.57386841078
1500,147131.1459651361
492,189886.00605517824
167,148244.9799696895
2597,115610.48885848912
2685,100237.62045185456
1035,153552.27455112428
1220,57473.878069549304
2602,154142.11377058591
2159,205118.47254464723
695,148662.76765945082
1109,277601.13801008865
640,193656.6843063552
1652,152475.1817498251
2090,180536.00089960612
1188,189683.0757534171
2345,227150.7667964165
1059,395478.43693203677
2751,229297.6454690739
128,212815.7206043554
1523,169841.54619616197
2925,181477.29134169547
2145,274906.9938845604
1121,218152.50793349865
566,251528.765016902
565,257831.4565572871
1331,140125.4949309903
2928,122231.4758271992
156,138198.69735605337
797,146397.8664438682
327,85806.16810000814
2859,146863.24253123696
1453,119773.78385825918
1762,333119.83306477696
1868,200423.88656750275
1760,179438.7439723653
1113,225787.75393638105
1812,194356.2684711822
117,157025.54072476097
1142,212313.187284331
2342,436351.4652070701
927,156085.97300956235
2478,185127.43234899486
655,74812.84781329874
2064,123093.84316807726
369,290280.36401878577
2239,118337.58364766353
2732,215049.67074753676
1653,162877.63960209227
959,229455.23322542716
2395,349119.37779560266
1412,106966.82411747855
271,239075.52876306878
1484,145526.734248607
1497,156267.76422639462
552,158469.2878377329
2,125429.79444692413
1855,290311.741500945
4,275672.9644835306
2292,155262.61928859306
134,143644.65782543272
646,110285.20437669473
42,310746.71991686546
532,223909.37696105262
713,97788.22849188116
2561,141068.89937965662
2360,134548.44410591375
1333,125693.01131053836
1407,232384.44000423502
2892,294624.86154190346
574,211422.40987784308
1227,187347.0031209719
2591,206489.90566975618
1476,211677.4820459237
1125,260138.0319901463
1446,143662.4703239664
408,115066.25941078474
1101,290701.8557249956
2251,191836.54436278934
373,187469.17050872147
2554,131094.95608539024
2382,250832.3501185882
1985,83586.75669638175
519,235214.6348670461
1093,193735.1209264512
864,238050.67892589862
2889,150711.0985576157
2308,200229.82343358523
986,162628.7077773878
1302,153313.43305458943
585,158884.7846010084
2708,148577.76488884128
147,138079.57230481342
1441,220401.0158473489
383,188278.2875446341
285,155010.94589180747
181,105481.87562280546
358,217357.26948040279
780,175530.46550423562
258,192417.7763180999
1865,221503.28901416817
692,122234.26456976208
2902,327887.7221422747
508,244694.8649761036
2638,152974.33704260716
36,136465.82377424836
611,182328.6609262971
2281,161341.03299434742
1678,133537.33935417206
1696,463842.3383774329
1557,84819.10800753544
2180,161573.23975134038
1726,218457.15099338477
951,146566.11188418837
267,218626.70574799433
2706,139284.8683789063
2221,248656.4981590062
1357,165359.63362989665
2901,308780.122964598
347,175848.86668952848
2164,190325.5528336902
1586,293600.5386505569
360,154463.77358999924
1769,257024.99929229135
2617,150357.1896143796
1879,143355.87292965534
991,232318.54369324952
1535,130984.27406870297
1191,143936.81333107324
1579,219120.9282520577
1882,141811.48184642833
1510,141383.38068624836
2196,169567.54590141942
1845,176181.38488924847
2336,395708.54526576586
942,97143.89620862319
861,127527.62344983243
2555,112946.63923108055
1392,169250.35580747965
2099,247068.46619887176
1543,116318.11911293291
948,282370.78440234775
1239,181127.7932707047
22,191243.11972455645
2796,233948.9906969535
2747,183916.9793363489
92,292754.76515685604
210,171367.05197105577
1858,197022.11176763862
2228,159325.17139846087
447,235807.6541926493
827,236610.76380004635
1649,205137.22461028697
682,133008.7144373777
2698,112268.22242790053
494,169420.37011011413
214,96427.96833323198
2441,241598.9471172896
2679,107050.49329083998
1336,118751.01951094375
465,179468.02713191745
1524,156515.47539616705
2543,112695.8246562769
631,144757.99668813916
2452,314084.6243104914
228,158918.5078984966
126,177373.47608572943
1092,234112.9655364956
1122,224602.2829340215
932,222099.23439958767
1980,69793.28065429776
2171,119253.12798639928
551,159300.22376900242
2768,164591.79088055188
2056,105897.77570162222
1159,343122.40868423186
2645,127466.1821003782
1174,176134.6768328019
2266,209622.64784794184
2462,375835.4258707531
1219,144977.74725545855
2922,192610.39643901525
118,146070.35128665005
474,157698.2058701254
2576,153261.12166991457
872,289597.7122064935
1077,204551.52173544964
1536,156415.62335734227
1150,119565.77689520619
2341,338565.1340530389
1931,162381.0069135774
2785,139609.15562696892
2538,128143.33077139425
597,211478.0598581997
464,198984.21619652587
233,238343.2496353835
2169,145152.5408813766
2123,171471.99373064263
1867,178346.73364121577
137,251346.93321057328
515,241310.53388402346
933,108446.43867749193
2784,162374.8300480839
972,180097.85582321047
599,170888.70416877145
2614,125182.83817695436
2582,145683.39015761088
1409,176220.37609950753
175,109594.30212961404
352,239776.30322119087
976,87328.3934565852
2134,191218.9250655065
984,115166.58640230233
2396,355029.66733497404
1673,134121.74576538932
404,119738.46041934646
607,163568.8207826682
814,151345.17041903237
868,190253.40855488583
2271,204349.08327294124
1633,241272.4028834274
337,176268.3760689619
2765,194094.25298393852
1746,235059.31542490696
368,335596.4007914411
2806,204445.5133619338
1662,196243.46234795422
1234,216409.05871566452
1373,128044.74392321387
1672,114921.06728988685
1939,124871.09538190364
