Id,SalePrice
2658,122965.69453806058
2718,145315.23668678582
2414,220391.51408739958
1989,117335.01086539193
625,200886.72109714826
333,63316.41411319445
1327,99796.23477693053
858,128543.75357473781
95,165927.18729820452
1568,184680.85658280307
2482,150453.35815152444
1364,131880.37358975247
2584,153127.17716685694
818,279440.21615692927
2673,176141.5737622463
2089,143418.73891864263
1297,140313.6226020489
790,115444.38424024114
2616,237030.2881922616
720,200469.66342035378
222,149419.08371971827
557,124525.75413102016
1148,186319.3076662654
2766,170454.8409239906
534,189659.2505142244
1452,106494.12255467952
630,108666.61478619848
2648,120115.64201186073
125,158366.02623074013
1904,24774.91202038026
1670,88199.7781582108
756,81952.74596315378
717,241968.25305222732
1032,156774.86827829364
852,230080.22290444793
1731,192427.18562631763
2639,113592.00414515636
2071,84457.60592474171
1267,120694.04173741699
1851,193166.7449317734
567,141223.56527707528
2439,219536.1331067516
1898,161280.43348547793
647,167964.04030170187
2256,226202.1728520987
979,97334.01966061734
1444,227428.12300897727
2485,127364.65122177545
157,137119.4248004097
88,119865.71519120922
2003,103945.44352746452
186,218140.7592785178
1425,259587.4448160889
2695,121714.77378278738
738,102871.27422449447
395,169114.9341140308
1353,173702.96712184686
1878,154665.54303333664
390,179959.1999686436
1456,242148.72349119897
1103,314648.7409822538
1387,104657.50446298055
2070,161518.60858754232
1199,180018.241660338
2479,176271.93328148173
501,308383.5423321816
2362,88066.41812353616
1718,195202.63589887705
2188,76248.35837883048
1483,154962.5848052447
2557,79918.705583264
437,313804.0589994105
2224,211372.94269213418
1628,187546.07762256346
397,133391.9289341506
587,200126.96986833715
2182,524094.46244536864
971,178482.8079270525
2611,148314.71625770524
1887,74190.66189367941
2399,340447.16732975154
2148,211233.5317994902
304,135151.66888852871
1997,116564.70748611237
2817,114627.96279318188
1431,202857.17178175505
427,298224.0061429265
263,125878.89089408866
598,176156.73748569784
2895,265621.45751301374
687,153832.18270919344
1822,129932.8049322986
2191,101355.34954849782
179,127659.57469611568
1009,207499.98750963248
2010,120482.27871401422
1991,142399.50406728918
1411,211856.1479969332
1721,224061.13649596053
1144,197540.60171471245
593,231490.78546697204
575,299468.7419705923
1249,175056.15467545495
1604,128158.71199097577
1064,411817.97609198873
1923,153065.4699333288
1988,117965.88563439331
2325,177450.6266513375
114,203961.49438809056
2700,163285.96247199178
217,139090.35814514733
343,204305.50983170036
386,226642.54288644413
2005,123675.4913799857
2908,151510.40641655773
1814,233394.26204606972
2446,464995.4116201685
208,125059.2692043574
1679,112581.48910672334
822,320560.70962469745
6,200862.38775854767
1781,374481.5081775596
2397,291387.9495027156
2340,283721.24999444943
1618,171197.8836783243
2843,111153.27263187384
1061,343956.1646654146
2786,110444.58716410666
1935,139208.36331229948
1341,120932.70815998153
521,280017.32636135735
2136,133564.9331931267
996,208589.2974964846
227,143581.03740698902
135,159445.19051377778
1167,169427.00272048963
294,225161.35489561583
1776,198298.69622848358
540,186855.45583346265
1717,193997.042140348
2303,133078.2370700863
116,190660.2130547074
127,136133.41071669466
1371,138588.3206902264
1014,157665.25584458036
1507,122043.99557024403
702,146635.4122221016
750,157209.74488333275
261,141434.8863775928
1559,50292.90714610077
577,222466.06383270572
2812,206571.2271398605
2080,152484.14733785356
1368,131766.36010052578
2376,119612.8662673895
659,108179.59025422123
1235,130162.72773725423
332,61022.248035443015
1917,153393.8250033384
2094,254060.30701186624
1460,282344.16169556126
1471,222631.25732287345
1509,114124.01962624385
1922,136250.23078058683
433,421705.6190230348
460,252289.5698226986
1116,263587.1432873104
1137,184123.3459261381
53,172728.9976390337
2354,257623.28049059387
1475,199719.7516416359
1761,370911.4201802658
842,143251.2149007254
2739,172838.91940975946
2509,150744.8297234394
1007,202420.44561516726
2610,196551.92429677106
1952,66851.2951819849
2719,152434.06055782398
2921,63159.501268057385
1966,128340.62479861185
292,127898.08991912613
1204,216204.06157469982
1829,261617.18750048825
2419,201687.24948559375
391,174573.15069453663
798,121076.29863267601
481,214068.54370190518
193,191634.4970456818
555,120570.24274871987
899,56623.17143173865
2357,217192.80152902496
328,130140.11210079119
1356,128733.58965868119
1154,84866.9251204005
1730,185150.42112053582
2249,170923.4506555443
1119,286841.2744207067
2856,127791.44683074602
1394,134506.05902532756
2587,117934.09887804731
61,299942.01877304027
2661,190463.46300511924
2711,116654.36367726349
1147,190308.26962484198
757,129404.7618514389
2623,81190.10811788705
2378,137993.26298491284
1413,157680.64026909927
1722,217635.9745593702
1112,222943.26600600465
1623,207472.25327715883
1201,196878.9715361048
1513,99352.06323598453
957,391080.34724542184
1171,257551.09531116707
1145,205366.6237540358
2726,245366.64267887862
703,163237.31842533324
760,110203.86035872623
1964,131614.88423912204
2512,185078.39724798803
159,153350.51807712845
1281,192516.21555015235
468,180531.44494719384
290,140811.94942016446
665,93369.16834801447
1463,253519.66220752883
1792,230567.03852370312
923,146529.81394858833
500,283438.7898307035
1408,183771.3495084598
331,67732.81194913737
170,148274.57352278312
2192,81334.73828282394
2571,216997.57343776873
2314,181665.06268122024
2647,87655.45882833819
422,386057.17846693576
2457,330406.04951508984
1838,182601.00258386764
2805,250660.58741100226
1645,169409.57624488533
1711,290635.87258477055
2825,245105.16060572036
322,307625.9163566136
2103,269134.3739205656
342,125697.36908568931
600,128209.53929243737
488,191672.57983654097
1725,271621.8462377613
2246,277972.1983657088
2847,162089.22537155135
806,245802.03917986748
530,227733.9076492046
963,203056.29002586822
2678,64921.95551796723
171,96894.8833880783
2401,378827.20784679893
805,242419.13066969893
2259,278997.8690631264
1748,207964.3346801257
1361,133747.6646438163
1677,125709.5240216722
1406,180200.28127514
2322,243804.76616919937
688,173264.3622566373
143,136439.66837549
804,231172.1373575749
1214,170677.69591825886
2828,151244.90787212248
1999,178294.55612784065
2467,193635.9298587778
2665,178731.79296435416
1538,355970.8338156376
398,115531.73259501008
2822,150050.86328163126
2157,152964.2159883601
1856,172148.39555828215
1269,108167.05475563859
2570,113796.62013302662
2320,250212.12119617278
1517,133366.213219482
2304,126718.22857449937
1312,94333.90428740217
2012,134759.02976943087
506,229231.19048890995
2865,200742.51694756187
2367,114068.26525525271
554,99067.68838075921
238,132362.12785911933
1954,101813.54717942362
2488,158483.03388676734
2291,56025.31322241807
1969,101918.82721604314
2725,174649.26555577177
1482,154962.5848052447
2763,216735.40657325054
503,260376.45596723934
1584,259348.21776877518
1531,127111.94016698899
2210,165996.00733013905
459,287428.5306774023
556,140321.50264714216
1347,132748.48233471112
1290,64809.69804668345
1388,98810.73730322509
1571,282368.377768214
2754,209166.24024385144
765,130585.34661781974
2494,108717.0164284521
2870,236542.60727234767
7,217092.80993260455
1114,255896.82442186645
2418,281210.18313893734
291,130646.10591437155
18,326220.7263575217
39,332809.8317417499
1001,235712.80921648955
2442,238260.0859038547
616,111841.28495039442
2680,62193.24092157837
1414,112327.75631650025
289,124225.38158784062
40,255712.71427236102
860,136292.99377792852
409,137306.7120111694
673,155789.92534742423
2427,173785.60955550882
2036,233966.37298850855
2564,139694.80627594632
642,154060.73395819578
1008,197339.9141791038
1908,157559.08242346672
2519,210566.7653743372
1369,112060.24930508866
2855,162641.2054386849
712,85911.54544507258
1943,120182.52866724133
1958,136068.25776157482
107,171572.48436906748
2295,223852.07137515408
704,109873.55796012515
676,115475.76741838653
259,188372.55583076575
93,282449.0069374107
106,249572.68849118624
2315,192301.84137607517
1050,97417.49062503758
1095,224016.6123399838
2709,156278.0194433733
758,150655.54699005804
1496,164158.68191431894
2370,129514.15354549407
2458,289464.86964029085
2733,125974.07714234141
161,276617.75681271986
726,163296.53403242223
845,213069.2914788198
947,259870.6697510815
2232,142014.4836580559
2563,154639.94245578896
2299,141113.8450906924
211,80544.38703174959
605,164036.7645121161
1478,213376.3585543955
2247,278210.15449564287
2274,232424.76801783114
2869,214416.6772776586
967,225899.87214742356
2656,104693.12106291461
667,217453.86243761156
1042,127603.96347166644
2023,163713.03907071473
2447,362792.2306074705
2055,125047.82613374095
2275,273578.673602098
2204,161173.92329737812
1563,261165.3463868933
483,217455.31568629574
796,123157.30151915026
1526,145763.84143100074
2042,124196.3534440262
442,317825.03939544666
1693,299984.87799114874
1468,228230.71184258116
1430,199186.31649470842
2605,148799.63562395435
1529,203770.7675415281
335,143816.43938084028
1287,132079.90511549497
31,97815.38718764472
1785,304069.6091872974
82,195705.0734054948
2620,115285.04301352229
252,204900.01204414107
721,55778.31471153011
2165,179524.88085229765
2316,202519.06898256915
775,127409.105717676
1558,86926.7080469305
17,240975.28764985292
1022,237720.89237213298
925,108352.71774358186
438,270033.7543706598
1270,124490.53990645625
1272,112106.82557387883
215,122852.23762615514
266,240901.95036961604
2402,274677.9723026481
1250,132522.9550920265
1984,136666.86680375505
1279,134395.01988501078
377,263251.68288300966
1252,131294.1591941584
2156,283046.20104267134
499,331531.0682122847
1374,118274.72680555552
2898,241156.9318336437
401,107666.08890061826
2721,189079.36916744628
2078,248040.7682143934
2589,113443.34149189433
1946,252453.39414658095
1334,113933.50637925591
2781,241408.89935244003
431,359493.4136103174
576,207496.4056539646
1474,229997.6654482101
2254,150037.44133670023
2155,303193.2065184538
885,106634.33762268268
643,140689.60234054492
1944,118692.3884518185
480,207820.04398594168
2845,88187.84463364969
2387,301058.09615752054
2407,194865.42824033624
2527,199446.8756798698
2514,145216.07428308693
629,186118.21971818223
80,221134.3270099382
1876,131468.4791441555
1546,122273.97438020748
2518,180031.89951287012
2347,173756.2559697075
783,215624.93196391908
1322,29333.068878466496
194,69751.80404151382
1770,300259.48135591776
2143,136577.1091564597
1229,240406.74158305314
511,288285.2258689841
46,216637.81171078747
1348,179545.86497261445
2465,191167.65083429823
387,234374.76613891195
873,245642.35383312998
1918,124604.94149054785
2764,253850.28198078403
2184,129029.43269492348
934,150831.04776808526
1920,133390.03271344386
2631,162525.63085572748
1768,477726.91872185573
2040,111160.04767756886
1749,217604.10716611217
834,229231.19834435533
1457,237115.78924434714
79,131977.07023397577
2302,122857.09260930715
1817,142164.06908058433
2755,241858.07501892466
359,186072.34519190877
2059,100256.53979926917
2092,270005.5341584472
2516,226456.5218544138
150,106568.4577398349
1656,156738.73966850783
83,91152.51947903831
2411,182948.36071298784
795,58837.25655056222
2312,235125.04513562517
2917,90971.77217008185
1624,187593.03210276586
2215,282599.7014293779
1211,162607.46314915526
1485,160710.60094815574
1024,208514.10196080757
570,191417.35400817147
2874,138890.93348264194
700,131205.8262253789
2756,213533.35273197363
2022,171877.6582916769
583,246285.22035755892
2392,344013.1275803703
2424,188547.92033687246
212,105101.07184311748
736,124891.68395031348
1610,169273.93822136335
890,121222.88340507587
467,189461.43809177645
578,224915.7465616524
1747,197868.39063818823
1149,151157.17151417886
2758,241220.20983171323
857,137658.24359623832
2219,274611.6103469642
733,101996.2964408471
2909,97655.50443950563
1798,266598.83605494525
235,105308.4275491169
2366,130098.30359136558
1027,133576.71627974336
1195,143550.09126255894
1303,12769.977103925776
148,213123.94287066627
608,176446.99776294292
2515,200925.85058722598
821,278820.1822991943
2500,270746.64048006386
745,98508.66988458321
741,115992.64904023311
1611,115583.25155907904
2532,109745.20376259321
1081,244821.667327969
1692,364369.61310033954
2520,192010.41564357502
276,117221.40230767289
1992,121154.47956123203
663,32212.219565016334
418,133904.5461037904
1733,201342.05377338536
2359,174063.6303413991
253,199849.8836807768
1518,161330.07747337827
2035,142165.700318755
2919,65748.51883979619
1540,247914.9014824594
2120,145565.93543188286
1674,163976.06137444382
256,154957.2986532133
2361,77840.872525173
978,49511.78020580509
2280,157486.02178492432
2095,237027.31914276734
1709,322600.25565926766
2801,258210.50915613456
1246,102748.9275603838
2373,109642.62527576427
1055,284000.3433285147
2017,125582.90366602258
1099,297623.8791429278
1344,100189.28440202924
835,211048.22574064846
1117,212224.65488374606
2043,91998.99686296389
2085,116065.33418472367
410,150722.39815542672
2650,126751.77835078374
2867,168199.31510050455
1668,105103.9211563759
1161,161605.520598853
2122,182499.40005900303
2539,138520.0732883073
1047,155153.15421965974
1445,120294.85814640904
541,142389.3147494431
569,194266.25936880882
1276,115228.36395380332
918,160367.41600085178
326,173030.1734638759
1936,126901.3585448073
895,73523.33659146214
257,141866.5076474204
1241,199274.25989034085
1545,134983.70632754825
1189,185674.78956064652
270,149968.69760689465
2066,217589.2318749564
693,109179.64367970813
1259,160115.54001456092
2916,165471.78378062753
2321,294833.176549974
1977,100375.44515743677
1895,158290.34033255943
1240,179380.26314189716
85,148556.2826181776
1823,113929.87588471
825,293782.3518849064
110,229774.32123269176
697,123857.58340362157
2297,118753.56379618437
1231,144612.05001235323
1355,134533.6081275076
968,342323.69464371493
584,229280.1162109509
1315,134793.94731659268
1606,151040.56761318736
206,114091.50356717245
1685,319304.4520671851
2016,125149.93757016654
869,206231.7758884189
2135,121557.3895165996
2346,195967.56750001502
2430,233956.8609330093
2198,76863.78337858955
2652,100971.73476439889
27,115292.9781544964
241,173995.73612586746
906,117721.47421433195
1506,117563.99867202633
2098,349355.13929876336
1435,224476.44890176144
2213,161873.93523248576
1274,139589.41312095884
743,30504.916635907837
1737,196079.38202495675
2797,295045.93817783496
2185,72836.77204395656
58,188117.73080947425
830,219300.75324416521
808,118932.52477493312
680,147167.9167710041
1153,89024.4924518643
1291,129205.82445417589
1818,175330.6072277592
2161,193852.3564297288
1883,119379.41375657078
350,312591.36261262675
2473,161616.3765804586
295,177648.74532205483
293,211071.02786851733
859,122602.28654145345
288,44111.59213613649
1578,150292.56472984457
102,201030.3887263618
2831,165243.6772840724
1030,175021.34829869051
2551,140870.15412645007
1286,152350.49985501438
958,303376.9837710146
776,126826.48494458827
72,241693.30439076177
2263,255138.39768878475
1866,153489.09777084098
2876,54165.23966583819
2146,253662.33215145522
103,175462.17976876907
1500,148307.68598250265
492,190868.33826457977
167,130373.73074875982
2597,108726.81378994638
2685,95398.05157125031
1035,177781.76247698907
1220,37912.12576890271
2602,160146.57896809862
2159,213921.96548517165
695,168246.760760059
1109,257309.39596568106
640,198571.0863588933
1652,155175.1000147378
2090,147577.37538812135
1188,203569.86622264935
2345,258336.6800387674
1059,355441.3217201943
2751,232056.64513769117
128,214759.06363584416
1523,191208.6725833288
2925,190970.4324698801
2145,307818.02535463776
1121,220511.96161345486
566,263347.8564433034
565,242098.99532791623
1331,119782.98815800995
2928,117503.31299458083
156,150498.51386992633
797,159965.63562185375
327,66889.09143688437
2859,145778.86740832904
1453,110519.18991610303
1762,326221.94465184177
1868,248897.8379268794
1760,193876.85407357744
1113,255540.33036358282
1812,189976.40963705338
117,157661.75174891367
1142,232907.0334230424
2342,360212.2341131541
927,133204.11368108378
2478,192808.10555548337
655,49280.73027871491
2064,122144.02331933915
369,246329.27460592485
2239,115961.55976828712
2732,216202.4302546162
1653,180209.4167763876
959,208692.74670406012
2395,308679.2363229912
1412,117444.69795883866
271,263301.41014988814
1484,155700.06593471405
1497,151361.9200349421
552,170979.56700425723
2,131175.5164110507
1855,299278.70180188306
4,250425.87758268148
2292,156229.38777319563
134,141481.42732760624
646,103397.63767091464
42,298223.1485414468
532,227409.37844916747
713,66866.65786928323
2561,137278.26750278322
2360,129313.4109451659
1333,116428.50077538576
1407,251567.0646052783
2892,290423.2939808329
574,233191.64105092746
1227,202830.779425045
2591,240796.45891927427
1476,239692.74691973696
1125,280342.1343202846
1446,135376.13060896075
408,112628.92307870474
1101,300871.39887407015
2251,194668.91157149023
373,209467.03226905316
2554,112691.7153926621
2382,265808.6463769893
1985,63950.66725258867
519,239471.55225726299
1093,216612.06070887868
864,253309.25499994692
2889,152372.0539741892
2308,196091.66216700047
986,169221.72393144818
1302,144709.7394007739
585,167657.90815659624
2708,155161.94423658156
147,125081.94113812037
1441,235994.83032750327
383,196238.09603513032
285,151751.36920642597
181,100545.77495994454
358,177629.50801592844
780,164664.83664012654
258,207673.64602332015
1865,241214.3080976369
692,126969.69228408381
2902,323040.8641974807
508,265379.1831240993
2638,144859.28895797988
36,146150.81186291238
611,172073.42229573417
2281,123658.0847593894
1678,112687.12592727819
1696,377713.556241862
1557,72958.225223333
2180,163553.6123439538
1726,213630.79790038744
951,151433.32425367483
267,231515.14946491097
2706,131420.31285761553
2221,254423.4465776704
1357,171981.83244008792
2901,313786.68276929203
347,190630.4625892064
2164,209760.3229815089
1586,311407.2848620926
360,166472.4515742727
1769,246000.19070328248
2617,200863.53681955708
1879,119317.38204208435
991,211255.30410667753
1535,103471.56150321686
1191,130306.93281045381
1579,211715.2898276723
1882,-53764.37531338376
1510,121191.64429288416
2196,164034.1503735528
1845,168609.1502975932
2336,343528.0858736298
942,81463.63709488069
861,118843.18518514093
2555,97228.92844987928
1392,154166.9095310442
2099,268985.6880310398
1543,132828.89367352717
948,285820.4860915361
1239,205625.8233016309
22,195933.42031467217
2796,249479.44625787844
2747,189666.5181183467
92,299613.4493201091
210,172132.92494068434
1858,216325.81590892235
2228,185736.70376580907
447,221558.43504837353
827,255944.63148679677
1649,247565.83151392592
682,123226.96938578098
2698,113981.82811943372
494,188139.46180881525
214,80516.5086465514
2441,249436.20790811314
2679,105244.8655467109
1336,117883.75740885409
465,202472.2650489813
1524,156079.06304489635
2543,119903.25024636532
631,142894.72827482934
2452,305223.220456021
228,175402.89408908424
126,179845.14608679432
1092,225217.3859058912
1122,196699.92216629174
932,217129.18420760252
1980,73970.01234214078
2171,107493.04284767143
551,167902.80354334717
2768,185098.00330809318
2056,98920.91420277406
1159,341051.7965962243
2645,84966.68063596473
1174,177786.7249722773
2266,221134.08528561913
2462,363718.51021027565
1219,142806.28496511176
2922,170944.74402648467
118,150406.14706018858
474,172924.9793696002
2576,155211.83731695567
872,277200.4510224409
1077,213448.43057561864
1536,158359.8838753366
1150,114259.46344666253
2341,310388.29559244413
1931,136074.03073797468
2785,113424.17846922821
2538,126337.69207422691
597,241972.98098983837
464,189103.7078072019
233,237938.17949035333
2169,125750.72732726578
2123,182030.03592674003
1867,200573.59995307657
137,267884.7638173973
515,240121.28887919406
933,127952.88183024118
2784,185050.83154869918
972,177488.95699329244
599,186064.7798933742
2614,136764.02457212936
2582,137735.82742524624
1409,179704.11690513347
175,69236.1263050572
352,215673.05775476038
976,71409.8061644655
2134,213899.79512872605
984,124590.97662702389
2396,328278.6082163651
1673,157472.24833438045
404,130547.1652018748
607,183254.3563247706
814,160865.1423881197
868,196870.2203100517
2271,193363.93343992322
1633,214430.37948113016
337,165377.0768860929
2765,194206.64538384753
1746,261188.15249252226
368,294840.384226616
2806,221525.84608202474
1662,204124.79157538805
1234,225199.4815142356
1373,117588.3161506874
1672,101073.84972809372
1939,120589.6352351897
