Id,SalePrice
2658,144440.13129746472
2718,166252.7675661192
2414,216862.1562775405
1989,111632.8288154552
625,179911.66581595736
333,87580.2931321254
1327,108748.93675080338
858,143825.69644913427
95,179813.2322323121
1568,166882.0075701787
2482,146755.8008397197
1364,120564.84955359716
2584,150889.1700427716
818,281408.125074727
2673,151514.6160492251
2089,121683.88960984466
1297,160751.4397075337
790,116462.45300553809
2616,194123.60459828633
720,177679.72394418076
222,150047.1531165553
557,126021.20667833206
1148,189451.60873413028
2766,176958.6189836663
534,178198.38920835324
1452,117165.86817156465
630,127238.90588410757
2648,133416.17831735092
125,167069.46623306978
1904,50755.18668598926
1670,106911.27284492832
756,98935.73396703228
717,195791.87671070162
1032,156907.7109186116
852,211778.72635699098
1731,189744.07293601613
2639,130888.66430478985
2071,81415.12321917701
1267,109361.45897171204
1851,183619.9029429456
567,166807.4841172127
2439,200947.22236653895
1898,147694.10251921404
647,168617.0312796965
2256,204985.17140531715
979,97284.5914743715
1444,217602.85522010352
2485,119495.39522312011
157,131553.43370142428
88,123188.70964366407
2003,110587.21042222576
186,197061.0410406381
1425,226956.5036100545
2695,125383.16895287822
738,104598.1945705997
395,151230.72984788474
1353,172074.01098004438
1878,137892.9151589448
390,163258.68295401207
1456,226289.74220852926
1103,313352.29379894026
1387,127251.0989957382
2070,147518.56375329697
1199,176947.90985283756
2479,174768.61955715378
501,303643.67858266784
2362,92047.75097287749
1718,204584.99655755225
2188,75811.90995688597
1483,158480.39619097626
2557,81062.40575037128
437,357739.18258310226
2224,207806.68285958946
1628,166472.09706980037
397,138096.2608623323
587,197130.9135230818
2182,595173.4850938655
971,142128.1518260336
2611,143762.6785415602
1887,92949.95372415625
2399,387949.43495624256
2148,194115.65724096878
304,130418.30723715178
1997,127505.0056787493
2817,109801.81242283655
1431,203914.2600485495
427,371601.0895995265
263,121563.4907373871
598,180518.64256040275
2895,221464.55168535328
687,139763.44294767268
1822,130529.8191186802
2191,103275.54198126704
179,131256.9698285202
1009,225839.6185690693
2010,128564.57663671835
1991,143381.05962763575
1411,192306.38000859646
1721,221801.36520722636
1144,192346.3990160214
593,213972.7043548678
575,337283.7373850029
1249,177500.12600297865
1604,122077.98021941446
1064,477017.23426365457
1923,158777.71394469065
1988,106715.08017200476
2325,169305.17847727844
114,205942.40159072622
2700,176353.9180661525
217,149665.8148623302
343,182963.96067531174
386,216122.66010983486
2005,116660.71088917204
2908,142615.99801851285
1814,242839.9779945464
2446,465043.0060594289
208,133226.8963211635
1679,107132.98882858467
822,355608.82686631614
6,194011.85635795165
1781,403749.484729426
2397,300576.96837513335
2340,320527.73483752925
1618,172736.0528296742
2843,147264.14634439244
1061,353447.0683945862
2786,122307.97319845308
1935,131549.29230802902
1341,115560.451314874
521,242352.54879031435
2136,134948.74460288195
996,211871.72083505592
227,153075.37046304357
135,185800.19906203938
1167,167902.3718841012
294,231929.12665275158
1776,207820.56003803003
540,165251.54623794602
1717,215870.72561304737
2303,126803.8737636042
116,183210.5220637133
127,127987.29831894208
1371,134783.3069590358
1014,166703.25071882503
1507,94634.00302902167
702,129618.1972593934
750,152294.33803424437
261,158018.96676329582
1559,68370.82086830738
577,208837.01630952733
2812,193945.58570837858
2080,159151.74845091405
1368,111698.3394517873
2376,121117.19090446283
659,110894.49703203887
1235,135428.54495998262
332,73435.5330982114
1917,140366.36876622017
2094,252980.4900954056
1460,255333.4663567472
1471,223698.03278830077
1509,125802.91349353793
1922,130643.45173976652
433,470535.22577888914
460,298413.51426794566
1116,231024.2125933657
1137,169061.72519891395
53,156163.82863326906
2354,261813.22386803175
1475,194567.55567152472
1761,496816.0623468044
842,145289.2456106207
2739,184892.20340018254
2509,151078.81882936694
1007,198286.08387301047
2610,182893.74284064327
1952,100165.36677742249
2719,170355.40190840024
2921,82762.85925850412
1966,147873.67885618098
292,120709.28431264381
1204,191114.67938777432
1829,249651.78787232074
2419,193594.33146679436
391,151022.4036194411
798,115320.68597024947
481,197132.18063035025
193,191323.65436220693
555,114057.81646507862
899,51193.20985203551
2357,189595.84318930132
328,140235.6384678767
1356,122980.69327342836
1154,100649.7373765005
1730,186487.53482418647
2249,158333.25566929963
1119,270971.2865384435
2856,141706.08898845443
1394,131655.45309440384
2587,115499.41347961582
61,327566.3662494677
2661,180798.02962638543
2711,130283.42140768876
1147,183413.44319568726
757,128241.83316869615
2623,94425.76895353
2378,131993.28784888354
1413,145506.1736637915
1722,210144.04201365833
1112,219523.3523649281
1623,194848.80712211225
1201,200704.75400670862
1513,115784.43152021163
957,433324.2631870569
1171,253465.2644312221
1145,191404.98391815834
2726,228458.86665428977
703,154735.9464002155
760,86163.54644699802
1964,150268.28283706168
2512,178258.0262966561
159,139417.7601022781
1281,171721.38385110954
468,182351.90820897126
290,123177.72679137159
665,99598.01437028684
1463,241506.6455756512
1792,216505.03182560718
923,168008.06019947492
500,279529.7563386138
1408,200569.2246790654
331,75565.74820176593
170,127619.04250083352
2192,92656.82336148398
2571,277831.20264548645
2314,174739.74469881912
2647,85098.92327874212
422,437533.02188463137
2457,355726.37682574545
1838,208071.29899763234
2805,252503.20647207228
1645,153532.71347828163
1711,294558.0200715461
2825,246570.9061304757
322,352412.55224265996
2103,246283.49880499928
342,118756.5677072492
600,119848.7575225347
488,183005.15845631878
1725,337406.5308818929
2246,287200.65515271504
2847,159475.75688164472
806,229239.02790502482
530,226358.8347657621
963,186782.14909888816
2678,97852.21600218106
171,80883.6190150861
2401,442614.28939331044
805,216474.24829177605
2259,230934.6100080983
1748,181057.68649019755
1361,138269.57718626945
1677,113865.02077395434
1406,164779.04370426747
2322,259255.08146235964
688,159047.4776631107
143,146331.24730092473
804,202032.87018529116
1214,220299.60142625473
2828,160599.51954867598
1999,191236.98090700642
2467,205810.21279454278
2665,159623.21943482477
1538,318844.46023006225
398,117161.24698811362
2822,151792.21183168527
2157,141704.0535492876
1856,196448.24150015938
1269,86579.414361462
2570,114116.07416013058
2320,223798.30772772175
1517,140832.1459445333
2304,120080.8751462776
1312,98980.51045842515
2012,133595.14597599453
506,261278.23957445926
2865,213476.29404513736
2367,97634.2392609336
554,82944.91389098146
238,137782.2619574467
1954,105194.39030039485
2488,127767.6866708037
2291,73942.40439047909
1969,101199.31588303717
2725,163414.86060855165
1482,144912.33449021506
2763,196290.51661178982
503,266002.5294562194
1584,246222.83910142025
1531,152389.85666945286
2210,180029.24331813282
459,357086.0385952594
556,129360.37969291431
1347,138776.52690233593
1290,70698.59075414017
1388,99735.34655598842
1571,345030.94103805255
2754,200266.7038515606
765,151597.0581494798
2494,127899.6808697345
2870,242562.044732481
7,229944.5296897575
1114,249186.71023714286
2418,264404.3507717261
291,141254.97195449518
18,365990.3061257147
39,396890.20047047036
1001,274130.55163337616
2442,227441.8612870688
616,113081.76672916277
2680,66574.83900595293
1414,125698.31089446985
289,149867.57123730006
40,254415.80441303586
860,125027.24735487101
409,125213.46604821458
673,159397.68722386227
2427,182994.8275411022
2036,218238.624740846
2564,136185.14328133245
642,166857.44352127507
1008,184594.46437081438
1908,148339.63951687491
2519,196306.6972090964
1369,91988.64426655043
2855,169528.31422727404
712,97162.85469191789
1943,116731.63041930587
1958,118321.85503529327
107,154881.4495432973
2295,211687.50351041614
704,104999.56778376701
676,136471.46930297685
259,184398.76001508324
93,289253.59477659455
106,230798.76363816776
2315,178474.82070375106
1050,106662.04653998825
1095,203277.9958428056
2709,148063.62495834182
758,134843.75132814224
1496,157364.850487725
2370,119616.81159873889
2458,285477.2394688439
2733,137159.1619165868
161,241241.70142020867
726,151359.72350424656
845,204316.55934346397
947,234511.66116443032
2232,114219.49931653868
2563,148970.21479671623
2299,157501.71972644574
211,77929.97474437999
605,153374.94951280754
1478,203994.53158926626
2247,278175.11469434877
2274,231273.56511721376
2869,219157.1159976807
967,207114.4763970446
2656,123331.51065672154
667,197253.33899070031
1042,110511.81961690017
2023,163009.45920411637
2447,386028.3236363097
2055,130146.25166294875
2275,295429.0727932011
2204,166232.8865975712
1563,285304.2679039871
483,214945.15449425962
796,128003.1059509964
1526,165408.84088118444
2042,137049.60576035106
442,366628.7986036984
1693,333250.2541680534
1468,215879.5282183505
1430,197747.93178471993
2605,151831.3735713351
1529,198097.7594658921
335,153267.59279996087
1287,126281.36420556728
31,98985.55509353324
1785,354850.3624783256
82,166707.68453679094
2620,123162.0191478018
252,177484.08253525035
721,59920.417162629776
2165,190864.23431555158
2316,190998.7783401172
775,127939.03802470583
1558,100579.00625793927
17,203244.8268024784
1022,217822.35409712407
925,129158.39472087577
438,273440.6394171957
1270,136213.24416463636
1272,127071.23160026141
215,124396.54881051264
266,223061.57233668794
2402,283997.1923165531
1250,129130.28097403399
1984,120427.75737934024
1279,146157.34725297603
377,244863.4174631047
1252,124096.96472474572
2156,252712.76354072907
499,320070.1906362078
1374,126921.6755060011
2898,245780.06326733576
401,113648.23095402378
2721,149799.94163006905
2078,232398.5075722019
2589,122416.83535125898
1946,225944.27371246868
1334,122097.34109184577
2781,211639.44209338503
431,402446.09199770656
576,191168.3342732984
1474,208331.9845726873
2254,146244.20592482435
2155,259549.49946356157
885,101069.190162046
643,135669.81993750844
1944,119111.37812343624
480,193349.95309672004
2845,96973.28576360585
2387,312062.4029915554
2407,210112.9552996111
2527,171569.85334848822
2514,145455.3268321033
629,150075.66553290852
80,201062.14055261132
1876,143149.48437283898
1546,123312.16934316605
2518,169189.46861117892
2347,162200.2276524529
783,251625.8450556621
1322,41765.94238784455
194,78463.00307653763
1770,296812.7642234657
2143,160580.67267699842
1229,229409.54765063303
511,265860.80693546217
46,229474.9261535065
1348,154120.2033416673
2465,204279.568298663
387,227956.83548149024
873,219862.3043022086
1918,128060.27101803198
2764,228849.5699988393
2184,129201.81016093818
934,133657.790199387
1920,133509.78742133267
2631,152470.3405179073
1768,600200.6793742073
2040,119731.78232429293
1749,211823.0044551735
834,231144.92943342705
1457,226296.67535116558
79,111622.83502739319
2302,133176.30177304056
1817,136047.7894461644
2755,229682.3473719065
359,175138.50538901903
2059,106606.39127780567
2092,226652.27875700244
2516,212764.8436801167
150,119255.47681881173
1656,129345.65395628277
83,93424.70840576082
2411,190183.06408242753
795,73455.98710978264
2312,220878.19262170582
2917,107839.65508141054
1624,177369.87663154246
2215,290950.2566018272
1211,153011.55448777392
1485,160227.34796101705
1024,179036.07951112452
570,190905.40352988231
2874,141711.86476677353
700,142302.0565748423
2756,211696.65813400014
2022,186265.7476123945
583,232654.9326710758
2392,395501.84679829143
2424,171514.21499823197
212,115842.08102756424
736,134319.56096378097
1610,171728.9918738976
890,113803.95766558277
467,177722.18065455928
578,216800.95748476207
1747,201337.92745522794
1149,151732.80729657365
2758,253519.3000771749
857,141433.7441197572
2219,248005.04817594367
733,106090.18228229403
2909,110940.67298563139
1798,239723.57892675186
235,135562.0863056155
2366,118253.38843280659
1027,130923.9485751373
1195,137644.27067913685
1303,38483.78810876806
148,193911.5559240682
608,163765.07843118662
2515,197112.84923269763
821,285467.78315191367
2500,271826.49339016085
745,103555.74657382793
741,130759.75744702236
1611,138923.04350058152
2532,125762.01370656316
1081,225404.6526222329
1692,443362.92018225463
2520,172939.83362127095
276,106016.77554373327
1992,136237.40785416996
663,40871.65768716682
418,113642.14831493865
1733,201842.94541112066
2359,151072.5653177126
253,182056.07632240327
1518,187932.396700709
2035,143046.95315547136
2919,72425.89057792828
1540,240145.90396163415
2120,148989.86007228645
1674,161471.13074489613
256,146081.68429970276
2361,94044.9691764795
978,68190.7164067172
2280,156138.46086989366
2095,216025.16043314082
1709,320276.69761944213
2801,238459.16270608397
1246,111006.61889521673
2373,97806.8304707167
1055,298346.58836154477
2017,119022.28134540399
1099,277423.663077899
1344,75720.96214672399
835,220895.43990327604
1117,240181.4942127911
2043,87246.26577422151
2085,122757.7888984211
410,138939.7781368076
2650,112523.5334107686
2867,177507.73848025978
1668,113754.36338131886
1161,158887.82831705397
2122,171079.07447626058
2539,149335.8959784424
1047,130943.98304795288
1445,124502.27741233946
541,131105.3704192324
569,216535.04996575566
1276,108056.25002610288
918,156962.9313604989
326,169485.65189046413
1936,127289.38675039727
895,97812.65663738037
257,156376.88117309858
1241,185309.0878490894
1545,128477.93877546408
1189,172848.98939768423
270,140561.3187252297
2066,191478.79962286062
693,110603.39878125174
1259,148127.0732888137
2916,152643.25339927804
2321,281526.08705383213
1977,102160.78930610395
1895,145937.44348912616
1240,173864.5494633559
85,146681.11427647853
1823,124964.3254763002
825,287174.8059538307
110,221450.53347107756
697,122788.28693590767
2297,112385.27645297733
1231,137239.36644422088
1355,135521.45140789752
968,356439.7252721931
584,220840.7701607647
1315,131465.50664947834
1606,150831.00544395484
206,112892.80281929008
1685,396608.9013609707
2016,135849.74725192483
869,202749.11308887263
2135,122040.66884361522
2346,188768.57244299573
2430,220732.67678850156
2198,92039.87876304216
2652,114059.31888025266
27,116866.34647158196
241,165203.2886242743
906,124383.57847034454
1506,130230.52482204209
2098,357731.2921640838
1435,226972.29007763264
2213,136205.76494045125
1274,132979.60037658364
743,22650.376374929794
1737,199875.046972711
2797,259880.5577451624
2185,60815.713954271865
58,172705.69096774526
830,197864.88601657702
808,112382.51239202637
680,145119.62524463166
1153,97900.54860061617
1291,135269.52955497196
1818,150192.04644382792
2161,192245.36715912074
1883,108173.33220530371
350,346575.11480626673
2473,154829.2017628348
295,194121.7999937497
293,192685.8661057041
859,132039.924045773
288,60047.02927439974
1578,145187.81601612223
102,186337.26368467824
2831,145441.23289588245
1030,160625.94686170912
2551,149151.20889715746
1286,157803.26669941097
958,319802.7945893144
776,128127.40481812425
72,250880.5146037608
2263,254200.33444374125
1866,160319.47428349708
2876,67577.08439686883
2146,236095.592725105
103,172769.08045946993
1500,147130.5744645514
492,189886.07882631628
167,148244.40799561294
2597,115609.46647914173
2685,100238.48281661328
1035,153550.65734415455
1220,57476.26907459763
2602,154144.70255022089
2159,205117.96840130363
695,148661.08362489066
1109,277601.44259630237
640,193654.9677780522
1652,152474.18540832482
2090,180531.7875925065
1188,189680.61218343617
2345,227148.02430487936
1059,395478.97028077114
2751,229296.24677823682
128,212814.40232610016
1523,169844.1659677279
2925,181475.36488124134
2145,274905.1727534551
1121,218152.82266889547
566,251526.5359306403
565,257833.60009257728
1331,140124.182731473
2928,122232.78216496459
156,138197.38073090243
797,146395.02132973482
327,85804.70377192041
2859,146863.3140567576
1453,119773.9885228005
1762,333118.2774406173
1868,200421.28223617247
1760,179437.39018539898
1113,225790.04913360788
1812,194355.90431521134
117,157023.36975117598
1142,212313.0621171809
2342,436353.39882581704
927,156087.14157882112
2478,185125.8581244552
655,74813.34559584723
2064,123093.89362491912
369,290281.58080012794
2239,118339.46824005572
2732,215047.45509054768
1653,162876.0297516213
959,229452.71194177924
2395,349121.18451548065
1412,106968.85537830589
271,239074.8980291026
1484,145528.26136155403
1497,156267.05404896056
552,158469.25657213992
2,125430.5084625046
1855,290308.20762372226
4,275672.16218260815
2292,155262.9558421725
134,143647.81307312136
646,110286.1917149279
42,310747.79606283037
532,223908.33282672567
713,97785.98629010259
2561,141070.84862404782
2360,134548.63616785267
1333,125688.70371855155
1407,232387.20367369463
2892,294626.6123274821
574,211421.99833603646
1227,187342.96377794037
2591,206492.33775131823
1476,211677.21075081767
1125,260136.4816867538
1446,143665.44745919213
408,115065.5977495868
1101,290701.946108398
2251,191838.92822296382
373,187466.7449868985
2554,131097.18776821462
2382,250831.53811490163
1985,83589.00217602379
519,235215.3677201888
1093,193734.21772264398
864,238050.17385739344
2889,150712.4888218135
2308,200227.65552745957
986,162626.8544161393
1302,153313.26261331874
585,158883.89881110715
2708,148577.4782243725
147,138078.36722021992
1441,220401.95383947575
383,188278.85586867458
285,155010.02449480572
181,105482.24535410304
358,217360.4710405299
780,175530.63591497962
258,192415.4771862016
1865,221500.25751333288
692,122230.2525292869
2902,327888.9646598804
508,244694.46872232598
2638,152973.85915080959
36,136462.48223367822
611,182328.97037789482
2281,161343.09330355166
1678,133538.11470854213
1696,463843.3555020634
1557,84821.35882482782
2180,161571.62320188456
1726,218458.2567745403
951,146563.79130701616
267,218626.3441617504
2706,139284.96835004992
2221,248658.0776525092
1357,165361.86299701384
2901,308781.8287863524
347,175850.12083217502
2164,190325.46137648146
1586,293601.50908602704
360,154465.0354705383
1769,257025.61577354313
2617,150359.30421580083
1879,143359.15611463715
991,232317.56557225483
1535,130984.74968849297
1191,143937.07446563803
1579,219121.5838384782
1882,141809.9715941865
1510,141385.94296869182
2196,169570.93772041053
1845,176181.96026287426
2336,395708.1927662762
942,97145.55633317202
861,127526.30124591244
2555,112947.52649275726
1392,169252.10242834664
2099,247068.28323453164
1543,116317.39044498757
948,282370.8196625577
1239,181126.35255663528
22,191243.961501249
2796,233948.58181494335
2747,183917.00844415138
92,292753.9432147916
210,171367.9947692257
1858,197022.15715444274
2228,159322.85681711987
447,235806.57852895453
827,236610.68960030365
1649,205134.23222704325
682,133008.12565210636
2698,112266.90730463178
494,169419.44464439608
214,96427.38104402483
2441,241596.51745303173
2679,107051.10881915805
1336,118749.29362387909
465,179468.1596495608
1524,156514.9775619168
2543,112696.13249994395
631,144759.77347758575
2452,314085.8785831437
228,158918.67278748273
126,177371.83840815758
1092,234113.9859499226
1122,224603.27143498708
932,222100.37798920635
1980,69794.24485819554
2171,119252.40060173301
551,159299.1766196345
2768,164588.30302571412
2056,105897.55930706649
1159,343120.17862664675
2645,127469.23503595707
1174,176136.126608075
2266,209621.67544196057
2462,375835.03453307296
1219,144976.06802279456
2922,192608.33246301115
118,146069.5505876207
474,157701.46858997177
2576,153260.20311933616
872,289600.2725336596
1077,204551.69856263383
1536,156418.19205166888
1150,119567.62793130567
2341,338564.7342433126
1931,162380.28893148515
2785,139610.13020019338
2538,128141.8448763392
597,211474.49204853748
464,198984.92298607796
233,238345.20721334103
2169,145152.5686333432
2123,171471.7363858316
1867,178347.3375144354
137,251346.20737647545
515,241308.76983177254
933,108444.26136213343
2784,162374.35548160702
972,180098.71058823587
599,170888.1942514463
2614,125183.42608314252
2582,145684.1288995694
1409,176221.5608830743
175,109598.03370312834
352,239774.40152120625
976,87327.98620735772
2134,191219.11057968624
984,115165.17269806459
2396,355031.0219921919
1673,134122.92239475134
404,119735.21196816186
607,163567.73427232204
814,151345.3844811936
868,190252.3352990942
2271,204351.77055597247
1633,241271.35296480788
337,176268.16032129107
2765,194089.58548437117
1746,235058.5723488673
368,335596.13832376455
2806,204444.5958480225
1662,196241.22713792813
1234,216407.86966917024
1373,128045.12594320334
1672,114922.90680356021
1939,124871.07235607842
