Id,SalePrice
2658,178251.24806749247
2718,180064.05243562447
2414,206008.0718733903
1989,176082.8551502269
625,179499.29415170645
333,152969.59945654412
1327,176068.91050124128
858,178753.25543097517
95,158634.61310695656
1568,181678.14555571123
2482,171393.9669288086
1364,171481.1209849688
2584,185809.2478177043
818,174186.38288818114
2673,187297.83909692036
2089,177965.38276328705
1297,184031.3050720364
790,179746.81167120137
2616,184031.3050720364
720,207984.72586710344
222,175127.64669471123
557,176009.64574305236
1148,174311.88472905182
2766,221169.39148301724
534,179865.34118757924
1452,171411.39774004064
630,190003.1010001327
2648,177756.2130285026
125,177058.98057922107
1904,158582.32067326046
1670,171969.18369946588
756,168134.40522841745
717,187168.8510938033
1032,181242.37527491024
852,185307.2404542216
1731,192412.0391124004
2639,165624.36841100393
2071,177756.2130285026
1267,177379.70750589058
1851,171902.94661678415
567,160154.5798463903
2439,185474.57624204917
1898,172136.51948729344
647,197135.7889562828
2256,160513.6545577703
979,151725.0395345766
1444,185600.07808291985
2485,173572.8183328134
157,166837.5528727538
88,172526.9696588911
2003,179286.63825467555
186,177756.2130285026
1425,178958.93900351325
2695,171481.1209849688
738,167297.7262892796
395,174026.0194248464
1353,178174.5524980715
1878,179509.75263844564
390,184902.84563363832
1456,182344.00254477508
1103,187081.6970376431
1387,191352.24578949247
2070,194385.20694386715
1199,192938.44961160797
2479,171317.27135938764
501,183856.99695971602
2362,174705.82106289588
1718,159987.24405856273
2188,161266.66560299436
1483,161810.50691343396
2557,166687.64789615828
437,227618.79163887142
2224,235225.59766053292
1628,183975.52647609386
397,176047.99352776285
587,208681.958316385
2182,286154.94191830244
971,222204.7816702003
2611,179534.1557741705
1887,175451.85978362712
2399,198073.56660056647
2148,176881.1863046543
304,178244.2757429997
1997,158930.9368979012
2817,176978.7988475537
1431,190996.6572403589
427,190668.95798919658
263,172457.24641396294
598,203902.42987656005
2895,204491.59129620297
687,174493.16516586504
1822,173426.39951846428
2191,187402.4239643126
179,170435.27231104652
1009,162664.6166638038
2010,167733.49657008058
1991,180764.7710471524
1411,179746.81167120137
1721,162382.2375218448
1144,175838.8237929784
593,175664.515680658
575,197606.42085954783
1249,196058.56482214283
1604,170613.0665856133
1064,190724.73658513912
1923,188172.8658207687
1988,159907.06232689536
2325,173171.9096744765
114,212049.59104641477
2700,185202.65558682935
217,183937.1786913834
343,181939.6077241918
386,172526.9696588911
2005,187517.46731844405
2908,206402.00820723438
1814,202842.63655365215
2446,271045.91474237165
208,172980.1707509241
1679,153408.85589959146
822,184087.0836679789
6,181165.67970548928
1781,189229.17298143022
2397,184955.13806733442
2340,174782.51663231687
1618,194730.3370062615
2843,168008.90338754677
1061,188741.11026693316
2786,179708.46388649088
1935,177487.7785355292
1341,165624.36841100393
521,190327.31408904862
2136,176570.917864724
996,177902.63184285173
227,185519.89635125245
135,186053.27917495283
1167,154329.2027326431
294,182818.12061028654
1776,180928.62067273358
540,191951.8656958746
1717,159980.27173406992
2303,186907.3889253227
116,179011.23143720935
127,180255.7913591769
1371,182357.94719376072
1014,255218.73814368088
1507,174444.35889441532
702,172861.64123454623
750,174597.75003325724
261,184379.92129667714
1559,177756.2130285026
577,200126.91616370057
2812,186977.11217025085
2080,183027.290345071
1368,165854.45511926684
2376,173705.2924981769
659,177832.90859792355
1235,172143.49181178625
332,153004.46107900818
1917,176919.53408936475
2094,192136.6322949342
1460,178592.89196764043
1471,192136.6322949342
1509,187402.4239643126
1922,178627.75359010452
433,194116.77245089377
460,168943.19486958403
1116,181960.52469767025
1137,194123.74477538659
53,157546.93048607738
2354,179541.12809866332
1475,180370.83471330834
1761,200845.06558646055
842,174521.05446383628
2739,187095.64168662872
2509,155249.54956569473
1007,184142.86226392144
2610,180496.33655417903
1952,165206.028941435
2719,175089.29891000074
2921,152983.54410552973
1966,173931.8930441934
292,180681.10315323863
1204,180893.7590502695
1829,207535.01093731687
2419,178010.70287249036
391,181730.43798940734
798,177965.38276328705
481,177634.19734987832
193,173548.41519708856
555,180370.83471330834
899,181960.52469767025
2357,181730.43798940734
328,154726.62522873358
1356,182173.18059470112
1154,168552.74469798637
1730,182068.5957273089
2249,172666.4161487474
1119,179248.29046996508
2856,181814.1058833211
1394,194576.94586741956
2587,173224.20210817264
61,207155.0192524584
2661,168343.5749632019
2711,182518.31065709546
1147,178770.68624220722
757,166513.33978383787
2623,171481.1209849688
2378,153977.10034575593
1413,179011.23143720935
1722,168838.6100021918
1112,197271.74928389268
1623,176490.7361330566
1201,178174.5524980715
1513,164306.59908186184
957,896759.7455388511
1171,160705.3934813227
1145,175263.6070223211
2726,217341.5853364616
703,158157.00887919872
760,164369.35000229717
1964,172526.9696588911
2512,159401.56880116626
159,170710.6791285127
1281,170979.1136214861
468,187904.43132779532
290,173886.57293499008
665,184031.3050720364
1463,185600.07808291985
1792,179865.34118757924
923,197557.61458809813
500,181967.49702216306
1408,214535.22472810344
331,151578.62072022745
170,163114.3315935904
2192,174869.67068847705
2571,234995.51095227
2314,191808.9330437719
2647,166018.304744848
422,196082.9679578677
2457,219227.59911176816
1838,161127.21911313804
2805,200803.23163950368
1645,184589.0910314616
1711,188211.21360547916
2825,184937.70725610238
322,192446.9007348645
2103,182061.62340281607
342,191728.75131210452
600,172303.85527512102
488,174698.8487384031
1725,173642.54157774156
2246,165791.7041988315
2847,175664.515680658
806,180642.75536852813
530,179063.52387090548
963,186321.71366792623
2678,167716.06575884853
171,177058.98057922107
2401,217606.5336671886
805,183194.62613289856
2259,215957.57892463775
1748,185021.37515001616
1361,182169.6944324547
1677,152969.59945654412
1406,182818.12061028654
2322,227458.42817553665
688,172771.00101613963
143,175664.515680658
804,178861.3264606138
1214,177825.93627343077
2828,159192.3990663818
1999,171481.1209849688
2467,174705.82106289588
2665,171481.1209849688
1538,195535.64048518168
398,170916.36270105076
2822,202623.00833212846
2157,161841.8823736516
1856,202706.67622604224
1269,171481.1209849688
2570,177756.2130285026
2320,182856.468394997
1517,188755.05491591876
2304,183724.52279435252
1312,178254.73422973888
2012,167297.7262892796
506,250822.6875509608
2865,204111.5996113445
2367,153189.2276780678
554,177756.2130285026
238,179746.81167120137
1954,176710.3643545803
2488,177501.72318451485
2291,152969.59945654412
1969,170783.88853568726
2725,195797.10265366227
1482,161810.50691343396
2763,178857.84029836743
503,178052.53681944724
1584,185432.74229509226
1531,180022.21848866757
2210,171258.00660119872
459,172143.49181178625
556,171007.00291945736
1347,167716.06575884853
1290,163114.3315935904
1388,177756.2130285026
1571,720412.2283043194
2754,169954.18192104224
765,183149.30602369524
2494,191882.14245094644
2870,200764.88385479318
7,163532.67106315933
1114,192582.86106247437
2418,186928.30589880116
291,171481.1209849688
18,186102.08544640255
39,181796.67507208907
1001,168218.07312233123
2442,176842.8385199438
616,170836.1809693834
2680,168134.40522841745
1414,175681.94649189003
289,163811.56404287193
40,191292.98103130356
860,171481.1209849688
409,163560.5603611306
673,176752.1983015372
2427,156874.1011725207
2036,180475.41958070057
2564,179366.81998634295
642,179436.5432312711
1008,195420.59713105022
1908,185931.26349632855
2519,159488.72285732644
1369,182357.94719376072
2855,172833.751936575
712,176082.8551502269
1943,195849.39508735837
1958,187043.34925293262
107,161789.5899399555
2295,264851.0044305053
704,181709.52101592888
676,188716.7071312083
259,176884.67246690067
93,185195.68326233653
106,172105.1440270758
2315,180485.8780674398
1050,179419.11242003905
1095,200011.87280956912
2709,185868.51257589323
758,166781.77427681128
1496,171481.1209849688
2370,152237.5053847985
2458,181876.85680375644
2733,179063.52387090548
161,185687.23213908004
726,180266.2498459161
845,177815.47778669154
947,181678.14555571123
2232,176013.13190529877
2563,179464.43252924236
2299,242936.98854958668
211,183445.62981463992
605,186384.46458836156
1478,184899.3594713919
2247,162940.02348127004
2274,268860.09101387404
2869,191645.0834181907
967,178303.5405011886
2656,166670.21708492623
667,180095.42789584215
1042,152969.59945654412
2023,193496.2355710332
2447,178568.48883191557
2055,175664.515680658
2275,199739.95215434933
2204,173022.004697881
1563,159774.58816153186
483,164031.19226439562
796,161144.64992437008
1526,200681.2159608794
2042,181660.71474447916
442,193492.7494087868
1693,193234.77340255262
1468,176884.67246690067
1430,186471.61864452175
2605,184031.3050720364
1529,172906.96134374954
335,237516.00625642276
1287,178397.6668818416
31,152237.5053847985
1785,179206.45652300818
82,175664.515680658
2620,188716.7071312083
252,182643.81249796614
721,157885.0882239789
2165,175434.42897239508
2316,185450.1731063243
775,171662.401421782
1558,209131.67324617156
17,188681.8455087442
1022,196755.79727142435
925,173157.96502549088
438,185237.51720929344
1270,173956.29617991825
1272,174270.05078209494
215,167465.06207710717
266,179666.629939534
2402,184474.04767733015
1250,172004.04532192997
1984,167036.26412079902
1279,171481.1209849688
377,189567.33071933175
1252,177191.45474458457
2156,181242.37527491024
499,188922.39070374635
1374,220587.20238786715
2898,185321.18510320722
401,182985.4563981141
2721,192136.6322949342
2078,190553.91463506513
2589,193792.55936197785
1946,220569.77157663513
1334,166844.5251972466
2781,194155.12023560423
431,188981.65546193527
576,159565.4184267474
1474,175838.8237929784
2254,176884.67246690067
2155,185593.10575842703
885,176978.7988475537
643,174716.2795496351
1944,179847.9103763472
480,181678.14555571123
2845,186081.1684729241
2387,195936.54914351855
2407,170058.76678843447
2527,187168.8510938033
2514,161883.7163206085
629,193653.11287212154
80,179335.44452612527
1876,182479.962872385
1546,167297.7262892796
2518,185600.07808291985
2347,182859.9545572434
783,233865.99438443396
1322,185913.83268509654
194,163811.56404287193
1770,187472.14720924076
2143,171481.1209849688
1229,194141.1755866186
511,181695.57636694325
46,168591.09248269684
1348,167716.06575884853
2465,174705.82106289588
387,175908.54703790654
873,176884.67246690067
1918,170295.8258211902
2764,181385.30792701297
2184,168692.19118784266
934,151568.16223348823
1920,174883.6153374627
2631,172840.7242610678
1768,221455.25678722264
2040,163114.3315935904
1749,187503.5226694584
834,204592.6900013488
1457,182636.84017347332
79,171393.9669288086
2302,175364.70572746694
1817,178383.72223285597
2755,185460.63159306353
359,177069.4390659603
2059,176588.34867595602
2092,193353.30291893048
2516,171411.39774004064
150,184554.22940899755
1656,184006.90193631154
83,180545.14282562872
2411,182068.5957273089
795,186471.61864452175
2312,191721.7789876117
2917,151725.0395345766
1624,173834.28050129398
2215,188800.37502512208
1211,178453.44547778415
1485,161852.34086039083
1024,191937.92104688898
570,161081.89900393476
2874,170783.88853568726
700,169389.42363712422
2756,177721.3514060385
2022,173415.94103172506
583,182574.089253038
2392,187949.7514369986
2424,157090.24323179797
212,180893.7590502695
736,167297.7262892796
1610,184989.9996897985
890,183619.9379269603
467,190268.0493308597
578,179847.9103763472
1747,202922.81828531952
1149,173893.5452594829
2758,193015.14518102893
857,170783.88853568726
2219,183229.48775536264
733,177247.23334052708
2909,155671.37519751006
1798,177756.2130285026
235,211223.37059401616
2366,153910.8632630742
1027,180346.43157758348
1195,174705.82106289588
1303,171868.08499432006
148,181353.93246679532
608,182985.4563981141
2515,175364.70572746694
821,182030.2479425984
2500,202365.03232589428
745,167716.06575884853
741,167716.06575884853
1611,343697.5359575074
2532,180370.83471330834
1081,160116.23206167982
1692,193935.49201408058
2520,159070.38338775752
276,180632.29688178893
1992,179847.9103763472
663,165206.028941435
418,153715.63817727534
1733,180297.6253061338
2359,181242.37527491024
253,172038.90694439402
1518,175664.515680658
2035,177756.2130285026
2919,151700.63639885173
1540,189581.27536831738
2120,195943.52146801137
1674,160719.33813030834
256,177114.75917516358
2361,178986.8283014845
978,151529.81444877773
2280,169772.90148422905
2095,185729.0660860369
1709,188559.82983011994
2801,180370.83471330834
1246,186666.84373032057
2373,152237.5053847985
1055,190668.95798919658
2017,167716.06575884853
1099,180057.08011113165
1344,167716.06575884853
835,246426.63695824076
1117,189169.90822324128
2043,161678.03274807046
2085,159868.71454218487
410,154426.81527554253
2650,161719.86669502733
2867,195919.11833228654
1668,180398.7240112796
1161,160384.6665546532
2122,185596.59192067344
2539,179847.9103763472
1047,160475.3067730598
1445,178453.44547778415
541,191951.8656958746
569,159732.754214575
1276,171575.24736562182
918,171324.24368388046
326,187778.92948692464
1936,176152.57839515508
895,168727.05281030675
257,185094.5845571907
1241,192398.09446341477
1545,170783.88853568726
1189,184867.98401117424
270,161810.50691343396
2066,204875.0691433078
693,182776.28666332964
1259,184156.80691290705
2916,193039.5483167538
2321,194318.9698611854
1977,161998.75967473997
1895,186060.25149944564
1240,178174.5524980715
85,187454.71639800872
1823,170679.30366829503
825,186199.69798930196
110,174270.05078209494
697,200974.05358957764
2297,169818.22159343236
1231,173834.28050129398
1355,178258.2203919853
968,197282.2077706319
584,190766.570532096
1315,167297.7262892796
1606,169389.42363712422
206,175915.51936239935
1685,189849.7098612908
2016,168134.40522841745
869,185600.07808291985
2135,187517.46731844405
2346,211920.6030432977
2430,160482.27909755261
2198,183313.15564927642
2652,167297.7262892796
27,175664.515680658
241,182706.56341840146
906,168343.5749632019
1506,188842.20897207898
2098,181120.359596286
1435,176696.41970559466
2213,192077.36753674527
1274,174493.16516586504
743,167716.06575884853
1737,177404.1106416154
2797,183215.543106377
2185,170372.52139061116
58,173398.51022049302
830,171878.54348105929
808,170846.63945612262
680,171481.1209849688
1153,175838.8237929784
1291,167297.7262892796
1818,175664.515680658
2161,174775.54430782405
1883,177379.70750589058
350,171815.79256062393
2473,191951.8656958746
295,200764.88385479318
293,179980.3845417107
859,200496.44936181977
288,175009.11717833337
1578,180318.54227961221
102,156769.51630512846
2831,155172.85399627374
1030,182636.84017347332
2551,184031.3050720364
1286,182776.28666332964
958,191345.2734649997
776,176849.8108444366
72,182776.28666332964
2263,184697.16206110024
1866,176790.54608624766
2876,170888.4734030795
2146,179063.52387090548
103,155347.16210859414
1500,159192.3990663818
492,232426.20937666757
167,172997.60156215614
2597,165206.028941435
2685,168622.46794291452
1035,180370.83471330834
1220,169483.55001777722
2602,171481.1209849688
2159,174967.28323137647
695,182312.6270845574
1109,184533.3124355191
640,213649.7395175159
1652,182619.40936224128
2090,229769.75374490494
1188,184902.84563363832
2345,204456.72967373888
1059,193158.07783313165
2751,184738.99600805715
128,180280.19449490175
1523,173586.76298179902
2925,216103.9977389869
2145,182588.03390202363
1121,176501.19461979583
566,156420.90008048769
565,188036.9054931588
1331,170818.75015815135
2928,182779.77282557604
156,181939.6077241918
797,186154.37788009865
327,153262.43708524236
2859,222309.36653759255
1453,171481.1209849688
1762,188880.55675678945
1868,185976.58360553187
1760,180018.7323264212
1113,188064.79479113006
1812,186865.55497836584
117,179847.9103763472
1142,174705.82106289588
2342,210041.56159248395
927,178104.82925314337
2478,175329.84410500288
655,165450.06029868353
2064,174859.21220173783
369,202710.16238828865
2239,175186.91145290015
2732,164756.3140116484
1653,187691.77543076442
959,192255.16181131208
2395,186970.13984575804
1412,178976.36981474527
271,183456.08830137912
1484,161852.34086039083
1497,170867.55642960104
552,175141.59134369684
2,186896.93043858348
1855,188214.6997677256
4,185286.32348074316
2292,185889.42954937168
134,173572.8183328134
646,182755.36968985118
42,186541.34188944992
532,176835.86619545097
713,161915.0917808262
2561,179847.9103763472
2360,201706.14766132325
1333,163811.56404287193
1407,305349.7512470231
2892,237641.50809729344
574,155601.6519525819
1227,179847.9103763472
2591,220632.52249707043
1476,175838.8237929784
1125,179063.52387090548
1446,175612.2232469619
408,152237.5053847985
1101,196093.4264446069
2251,181242.37527491024
373,187866.08354308482
2554,180280.19449490175
2382,202727.5931995207
1985,167036.26412079902
519,176501.19461979583
1093,182152.26362122266
864,189379.07795802574
2889,183090.04126550633
2308,187395.45163981977
986,195587.9329188778
1302,177756.2130285026
585,191477.74763036316
2708,175713.3219521077
147,183769.8429035558
1441,191014.08805159095
383,182302.16859781818
285,176229.27396457604
181,175103.24355898637
358,180423.12714700447
780,200709.10525885064
258,178931.04970554198
1865,174270.05078209494
692,160151.0936841439
2902,186272.9073964765
508,185404.852997121
2638,179847.9103763472
36,154329.2027326431
611,188545.8851811343
2281,234531.8513734978
1678,153555.2747139406
1696,194807.03257568247
1557,164334.48837983308
2180,170864.07026735466
1726,168134.40522841745
951,180370.83471330834
267,179063.52387090548
2706,185547.78564922372
2221,196727.9079734531
1357,174597.75003325724
2901,193855.31028241318
347,175664.515680658
2164,176950.90954958243
1586,189065.32335584905
360,171655.4290972892
1769,180963.48229519764
2617,186994.5429814829
1879,183417.74051666865
991,191439.3998456527
1535,178662.61521256858
1191,180370.83471330834
1579,188277.45068816093
1882,190906.0170219523
1510,174869.67068847705
2196,184345.0596742131
1845,153760.95828647865
2336,201887.42809813644
942,168699.16351233548
861,171481.1209849688
2555,162807.54931590654
1392,192690.932092113
2099,178376.74990836316
1543,152931.25167183363
948,191080.3251342727
1239,180684.58931548503
22,183421.22667891506
2796,174705.82106289588
2747,185425.76997059945
92,192199.38321536954
210,199590.0471777538
1858,159767.61583703905
2228,160001.18870754837
447,179642.22680380914
827,177107.78685067076
1649,185910.34652285013
682,172736.13939367555
2698,171481.1209849688
494,173740.15412064097
214,168863.01313791666
2441,188577.26064135198
2679,167716.06575884853
1336,167297.7262892796
465,184477.5338395766
1524,177648.14199886395
2543,178104.82925314337
631,176919.53408936475
2452,182065.10956506248
228,186876.01346510503
126,192607.26419819923
1092,171833.22337185597
1122,176501.19461979583
932,207388.59212296773
1980,184031.3050720364
2171,184453.13070385173
551,182197.58373042598
2768,188214.6997677256
2056,171111.5877868496
1159,184815.6915774781
2645,173381.07940926097
1174,153910.8632630742
2266,194343.37299691024
2462,192265.62029805128
1219,185885.94338712527
2922,190445.8436054265
118,179847.9103763472
474,157473.7210789028
2576,186820.23486916252
872,190940.87864441637
1077,168134.40522841745
1536,173576.3044950598
1150,178104.82925314337
2341,185781.35851973304
1931,186666.84373032057
2785,180963.48229519764
2538,180402.21017352602
597,179847.9103763472
464,154287.3687856862
233,228636.75101482245
2169,180632.29688178893
2123,181315.58468208482
1867,187168.8510938033
137,215755.3815143461
515,176501.19461979583
933,152422.2719838581
2784,182584.54773977722
972,162068.4829196681
599,180510.28120316466
2614,171941.2944014946
2582,170895.4457275723
1409,222309.36653759255
175,166565.632217534
352,172108.63018932217
976,151700.63639885173
2134,185833.65095342917
984,176989.25733429292
2396,189532.4690968677
1673,160527.59920675593
404,154635.985010327
607,178976.36981474527
814,170923.33502554358
868,176881.1863046543
2271,173492.63660114602
1633,164027.7061021492
337,173224.20210817264
2765,273625.67480471334
1746,197181.1090654861
368,187670.858457286
2806,177093.84220168513
1662,174270.05078209494
1234,197522.75296563405
1373,175141.59134369684
1672,177756.2130285026
1939,175664.515680658
